0	3	5	335	410	0	0
0	3	5	340	415	0	0
0	3	5	345	420	0	0
0	3	5	350	425	0	0
0	3	5	355	430	0	0
0	3	5	360	435	0	0
0	3	5	365	440	0	0
0	3	5	370	445	0	0
0	3	5	375	450	0	0
0	3	5	380	455	0	0
0	3	5	385	460	0	0
0	3	5	390	465	0	0
0	3	5	395	470	0	0
0	3	5	400	475	0	0
0	3	5	405	480	0	0
0	3	5	410	485	0	0
0	3	5	415	490	0	0
0	3	5	420	495	0	0
0	3	5	425	500	0	0
0	3	5	430	505	0	0
0	3	5	435	510	0	0
0	3	5	440	515	0	0
0	3	5	445	520	0	0
0	3	5	450	525	0	0
0	3	5	455	530	0	0
1	3	5	355	450	0	1
1	3	5	360	455	0	1
1	3	5	365	460	0	1
1	3	5	370	465	0	1
1	3	5	375	470	0	1
1	3	5	380	475	0	1
1	3	5	385	480	0	1
1	3	5	390	485	0	1
1	3	5	395	490	0	1
1	3	5	400	495	0	1
1	3	5	405	500	0	1
1	3	5	410	505	0	1
1	3	5	415	510	0	1
1	3	5	420	515	0	1
1	3	5	425	520	0	1
1	3	5	430	525	0	1
1	3	5	435	530	0	1
1	3	5	440	535	0	1
1	3	5	445	540	0	1
1	3	5	450	545	0	1
1	3	5	455	550	0	1
1	3	5	460	555	0	1
1	3	5	465	560	0	1
1	3	5	470	565	0	1
1	3	5	475	570	0	1
2	4	5	390	470	1	6
2	4	5	395	475	1	6
2	4	5	400	480	1	6
2	4	5	405	485	1	6
2	4	5	410	490	1	6
2	4	5	415	495	1	6
2	4	5	420	500	1	6
2	4	5	425	505	1	6
2	4	5	430	510	1	6
2	4	5	435	515	1	6
2	4	5	440	520	1	6
2	4	5	445	525	1	6
2	4	5	450	530	1	6
2	4	5	455	535	1	6
2	4	5	460	540	1	6
2	4	5	465	545	1	6
2	4	5	470	550	1	6
2	4	5	475	555	1	6
2	4	5	480	560	1	6
2	4	5	485	565	1	6
2	4	5	490	570	1	6
2	4	5	495	575	1	6
2	4	5	500	580	1	6
2	4	5	505	585	1	6
2	4	5	510	590	1	6
3	5	7	395	455	0	2
3	5	7	400	460	0	2
3	5	7	405	465	0	2
3	5	7	410	470	0	2
3	5	7	415	475	0	2
3	5	7	420	480	0	2
3	5	7	425	485	0	2
3	5	7	430	490	0	2
3	5	7	435	495	0	2
3	5	7	440	500	0	2
3	5	7	445	505	0	2
3	5	7	450	510	0	2
3	5	7	455	515	0	2
3	5	7	460	520	0	2
3	5	7	465	525	0	2
3	5	7	470	530	0	2
3	5	7	475	535	0	2
3	5	7	480	540	0	2
3	5	7	485	545	0	2
3	5	7	490	550	0	2
3	5	7	495	555	0	2
3	5	7	500	560	0	2
3	5	7	505	565	0	2
3	5	7	510	570	0	2
3	5	7	515	575	0	2
4	8	5	400	480	1	4
4	8	5	405	485	1	4
4	8	5	410	490	1	4
4	8	5	415	495	1	4
4	8	5	420	500	1	4
4	8	5	425	505	1	4
4	8	5	430	510	1	4
4	8	5	435	515	1	4
4	8	5	440	520	1	4
4	8	5	445	525	1	4
4	8	5	450	530	1	4
4	8	5	455	535	1	4
4	8	5	460	540	1	4
4	8	5	465	545	1	4
4	8	5	470	550	1	4
4	8	5	475	555	1	4
4	8	5	480	560	1	4
4	8	5	485	565	1	4
4	8	5	490	570	1	4
4	8	5	495	575	1	4
4	8	5	500	580	1	4
4	8	5	505	585	1	4
4	8	5	510	590	1	4
4	8	5	515	595	1	4
4	8	5	520	600	1	4
5	5	8	410	480	1	3
5	5	8	415	485	1	3
5	5	8	420	490	1	3
5	5	8	425	495	1	3
5	5	8	430	500	1	3
5	5	8	435	505	1	3
5	5	8	440	510	1	3
5	5	8	445	515	1	3
5	5	8	450	520	1	3
5	5	8	455	525	1	3
5	5	8	460	530	1	3
5	5	8	465	535	1	3
5	5	8	470	540	1	3
5	5	8	475	545	1	3
5	5	8	480	550	1	3
5	5	8	485	555	1	3
5	5	8	490	560	1	3
5	5	8	495	565	1	3
5	5	8	500	570	1	3
5	5	8	505	575	1	3
5	5	8	510	580	1	3
5	5	8	515	585	1	3
5	5	8	520	590	1	3
5	5	8	525	595	1	3
5	5	8	530	600	1	3
6	5	0	490	560	0	0
6	5	0	495	565	0	0
6	5	0	500	570	0	0
6	5	0	505	575	0	0
6	5	0	510	580	0	0
6	5	0	515	585	0	0
6	5	0	520	590	0	0
6	5	0	525	595	0	0
6	5	0	530	600	0	0
6	5	0	535	605	0	0
6	5	0	540	610	0	0
6	5	0	545	615	0	0
6	5	0	550	620	0	0
6	5	0	555	625	0	0
6	5	0	560	630	0	0
6	5	0	565	635	0	0
6	5	0	570	640	0	0
6	5	0	575	645	0	0
6	5	0	580	650	0	0
6	5	0	585	655	0	0
6	5	0	590	660	0	0
6	5	0	595	665	0	0
6	5	0	600	670	0	0
6	5	0	605	675	0	0
6	5	0	610	680	0	0
7	8	5	490	570	1	5
7	8	5	495	575	1	5
7	8	5	500	580	1	5
7	8	5	505	585	1	5
7	8	5	510	590	1	5
7	8	5	515	595	1	5
7	8	5	520	600	1	5
7	8	5	525	605	1	5
7	8	5	530	610	1	5
7	8	5	535	615	1	5
7	8	5	540	620	1	5
7	8	5	545	625	1	5
7	8	5	550	630	1	5
7	8	5	555	635	1	5
7	8	5	560	640	1	5
7	8	5	565	645	1	5
7	8	5	570	650	1	5
7	8	5	575	655	1	5
7	8	5	580	660	1	5
7	8	5	585	665	1	5
7	8	5	590	670	1	5
7	8	5	595	675	1	5
7	8	5	600	680	1	5
7	8	5	605	685	1	5
7	8	5	610	690	1	5
8	7	5	490	550	2	7
8	7	5	495	555	2	7
8	7	5	500	560	2	7
8	7	5	505	565	2	7
8	7	5	510	570	2	7
8	7	5	515	575	2	7
8	7	5	520	580	2	7
8	7	5	525	585	2	7
8	7	5	530	590	2	7
8	7	5	535	595	2	7
8	7	5	540	600	2	7
8	7	5	545	605	2	7
8	7	5	550	610	2	7
8	7	5	555	615	2	7
8	7	5	560	620	2	7
8	7	5	565	625	2	7
8	7	5	570	630	2	7
8	7	5	575	635	2	7
8	7	5	580	640	2	7
8	7	5	585	645	2	7
8	7	5	590	650	2	7
8	7	5	595	655	2	7
8	7	5	600	660	2	7
8	7	5	605	665	2	7
8	7	5	610	670	2	7
9	5	1	510	605	0	1
9	5	1	515	610	0	1
9	5	1	520	615	0	1
9	5	1	525	620	0	1
9	5	1	530	625	0	1
9	5	1	535	630	0	1
9	5	1	540	635	0	1
9	5	1	545	640	0	1
9	5	1	550	645	0	1
9	5	1	555	650	0	1
9	5	1	560	655	0	1
9	5	1	565	660	0	1
9	5	1	570	665	0	1
9	5	1	575	670	0	1
9	5	1	580	675	0	1
9	5	1	585	680	0	1
9	5	1	590	685	0	1
9	5	1	595	690	0	1
9	5	1	600	695	0	1
9	5	1	605	700	0	1
9	5	1	610	705	0	1
9	5	1	615	710	0	1
9	5	1	620	715	0	1
9	5	1	625	720	0	1
9	5	1	630	725	0	1
10	5	4	515	590	1	6
10	5	4	520	595	1	6
10	5	4	525	600	1	6
10	5	4	530	605	1	6
10	5	4	535	610	1	6
10	5	4	540	615	1	6
10	5	4	545	620	1	6
10	5	4	550	625	1	6
10	5	4	555	630	1	6
10	5	4	560	635	1	6
10	5	4	565	640	1	6
10	5	4	570	645	1	6
10	5	4	575	650	1	6
10	5	4	580	655	1	6
10	5	4	585	660	1	6
10	5	4	590	665	1	6
10	5	4	595	670	1	6
10	5	4	600	675	1	6
10	5	4	605	680	1	6
10	5	4	610	685	1	6
10	5	4	615	690	1	6
10	5	4	620	695	1	6
10	5	4	625	700	1	6
10	5	4	630	705	1	6
10	5	4	635	710	1	6
11	8	5	520	600	1	3
11	8	5	525	605	1	3
11	8	5	530	610	1	3
11	8	5	535	615	1	3
11	8	5	540	620	1	3
11	8	5	545	625	1	3
11	8	5	550	630	1	3
11	8	5	555	635	1	3
11	8	5	560	640	1	3
11	8	5	565	645	1	3
11	8	5	570	650	1	3
11	8	5	575	655	1	3
11	8	5	580	660	1	3
11	8	5	585	665	1	3
11	8	5	590	670	1	3
11	8	5	595	675	1	3
11	8	5	600	680	1	3
11	8	5	605	685	1	3
11	8	5	610	690	1	3
11	8	5	615	695	1	3
11	8	5	620	700	1	3
11	8	5	625	705	1	3
11	8	5	630	710	1	3
11	8	5	635	715	1	3
11	8	5	640	720	1	3
12	5	8	530	600	1	4
12	5	8	535	605	1	4
12	5	8	540	610	1	4
12	5	8	545	615	1	4
12	5	8	550	620	1	4
12	5	8	555	625	1	4
12	5	8	560	630	1	4
12	5	8	565	635	1	4
12	5	8	570	640	1	4
12	5	8	575	645	1	4
12	5	8	580	650	1	4
12	5	8	585	655	1	4
12	5	8	590	660	1	4
12	5	8	595	665	1	4
12	5	8	600	670	1	4
12	5	8	605	675	1	4
12	5	8	610	680	1	4
12	5	8	615	685	1	4
12	5	8	620	690	1	4
12	5	8	625	695	1	4
12	5	8	630	700	1	4
12	5	8	635	705	1	4
12	5	8	640	710	1	4
12	5	8	645	715	1	4
12	5	8	650	720	1	4
13	7	3	575	645	0	2
13	7	3	580	650	0	2
13	7	3	585	655	0	2
13	7	3	590	660	0	2
13	7	3	595	665	0	2
13	7	3	600	670	0	2
13	7	3	605	675	0	2
13	7	3	610	680	0	2
13	7	3	615	685	0	2
13	7	3	620	690	0	2
13	7	3	625	695	0	2
13	7	3	630	700	0	2
13	7	3	635	705	0	2
13	7	3	640	710	0	2
13	7	3	645	715	0	2
13	7	3	650	720	0	2
13	7	3	655	725	0	2
13	7	3	660	730	0	2
13	7	3	665	735	0	2
13	7	3	670	740	0	2
13	7	3	675	745	0	2
13	7	3	680	750	0	2
13	7	3	685	755	0	2
13	7	3	690	760	0	2
13	7	3	695	765	0	2
14	0	5	605	680	0	0
14	0	5	610	685	0	0
14	0	5	615	690	0	0
14	0	5	620	695	0	0
14	0	5	625	700	0	0
14	0	5	630	705	0	0
14	0	5	635	710	0	0
14	0	5	640	715	0	0
14	0	5	645	720	0	0
14	0	5	650	725	0	0
14	0	5	655	730	0	0
14	0	5	660	735	0	0
14	0	5	665	740	0	0
14	0	5	670	745	0	0
14	0	5	675	750	0	0
14	0	5	680	755	0	0
14	0	5	685	760	0	0
14	0	5	690	765	0	0
14	0	5	695	770	0	0
14	0	5	700	775	0	0
14	0	5	705	780	0	0
14	0	5	710	785	0	0
14	0	5	715	790	0	0
14	0	5	720	795	0	0
14	0	5	725	800	0	0
15	5	7	625	685	2	7
15	5	7	630	690	2	7
15	5	7	635	695	2	7
15	5	7	640	700	2	7
15	5	7	645	705	2	7
15	5	7	650	710	2	7
15	5	7	655	715	2	7
15	5	7	660	720	2	7
15	5	7	665	725	2	7
15	5	7	670	730	2	7
15	5	7	675	735	2	7
15	5	7	680	740	2	7
15	5	7	685	745	2	7
15	5	7	690	750	2	7
15	5	7	695	755	2	7
15	5	7	700	760	2	7
15	5	7	705	765	2	7
15	5	7	710	770	2	7
15	5	7	715	775	2	7
15	5	7	720	780	2	7
15	5	7	725	785	2	7
15	5	7	730	790	2	7
15	5	7	735	795	2	7
15	5	7	740	800	2	7
15	5	7	745	805	2	7
16	4	5	630	710	1	6
16	4	5	635	715	1	6
16	4	5	640	720	1	6
16	4	5	645	725	1	6
16	4	5	650	730	1	6
16	4	5	655	735	1	6
16	4	5	660	740	1	6
16	4	5	665	745	1	6
16	4	5	670	750	1	6
16	4	5	675	755	1	6
16	4	5	680	760	1	6
16	4	5	685	765	1	6
16	4	5	690	770	1	6
16	4	5	695	775	1	6
16	4	5	700	780	1	6
16	4	5	705	785	1	6
16	4	5	710	790	1	6
16	4	5	715	795	1	6
16	4	5	720	800	1	6
16	4	5	725	805	1	6
16	4	5	730	810	1	6
16	4	5	735	815	1	6
16	4	5	740	820	1	6
16	4	5	745	825	1	6
16	4	5	750	830	1	6
17	8	5	640	720	1	4
17	8	5	645	725	1	4
17	8	5	650	730	1	4
17	8	5	655	735	1	4
17	8	5	660	740	1	4
17	8	5	665	745	1	4
17	8	5	670	750	1	4
17	8	5	675	755	1	4
17	8	5	680	760	1	4
17	8	5	685	765	1	4
17	8	5	690	770	1	4
17	8	5	695	775	1	4
17	8	5	700	780	1	4
17	8	5	705	785	1	4
17	8	5	710	790	1	4
17	8	5	715	795	1	4
17	8	5	720	800	1	4
17	8	5	725	805	1	4
17	8	5	730	810	1	4
17	8	5	735	815	1	4
17	8	5	740	820	1	4
17	8	5	745	825	1	4
17	8	5	750	830	1	4
17	8	5	755	835	1	4
17	8	5	760	840	1	4
18	5	2	645	720	1	5
18	5	2	650	725	1	5
18	5	2	655	730	1	5
18	5	2	660	735	1	5
18	5	2	665	740	1	5
18	5	2	670	745	1	5
18	5	2	675	750	1	5
18	5	2	680	755	1	5
18	5	2	685	760	1	5
18	5	2	690	765	1	5
18	5	2	695	770	1	5
18	5	2	700	775	1	5
18	5	2	705	780	1	5
18	5	2	710	785	1	5
18	5	2	715	790	1	5
18	5	2	720	795	1	5
18	5	2	725	800	1	5
18	5	2	730	805	1	5
18	5	2	735	810	1	5
18	5	2	740	815	1	5
18	5	2	745	820	1	5
18	5	2	750	825	1	5
18	5	2	755	830	1	5
18	5	2	760	835	1	5
18	5	2	765	840	1	5
19	5	8	650	720	1	3
19	5	8	655	725	1	3
19	5	8	660	730	1	3
19	5	8	665	735	1	3
19	5	8	670	740	1	3
19	5	8	675	745	1	3
19	5	8	680	750	1	3
19	5	8	685	755	1	3
19	5	8	690	760	1	3
19	5	8	695	765	1	3
19	5	8	700	770	1	3
19	5	8	705	775	1	3
19	5	8	710	780	1	3
19	5	8	715	785	1	3
19	5	8	720	790	1	3
19	5	8	725	795	1	3
19	5	8	730	800	1	3
19	5	8	735	805	1	3
19	5	8	740	810	1	3
19	5	8	745	815	1	3
19	5	8	750	820	1	3
19	5	8	755	825	1	3
19	5	8	760	830	1	3
19	5	8	765	835	1	3
19	5	8	770	840	1	3
20	1	5	660	755	0	1
20	1	5	665	760	0	1
20	1	5	670	765	0	1
20	1	5	675	770	0	1
20	1	5	680	775	0	1
20	1	5	685	780	0	1
20	1	5	690	785	0	1
20	1	5	695	790	0	1
20	1	5	700	795	0	1
20	1	5	705	800	0	1
20	1	5	710	805	0	1
20	1	5	715	810	0	1
20	1	5	720	815	0	1
20	1	5	725	820	0	1
20	1	5	730	825	0	1
20	1	5	735	830	0	1
20	1	5	740	835	0	1
20	1	5	745	840	0	1
20	1	5	750	845	0	1
20	1	5	755	850	0	1
20	1	5	760	855	0	1
20	1	5	765	860	0	1
20	1	5	770	865	0	1
20	1	5	775	870	0	1
20	1	5	780	875	0	1
21	3	7	700	770	0	2
21	3	7	705	775	0	2
21	3	7	710	780	0	2
21	3	7	715	785	0	2
21	3	7	720	790	0	2
21	3	7	725	795	0	2
21	3	7	730	800	0	2
21	3	7	735	805	0	2
21	3	7	740	810	0	2
21	3	7	745	815	0	2
21	3	7	750	820	0	2
21	3	7	755	825	0	2
21	3	7	760	830	0	2
21	3	7	765	835	0	2
21	3	7	770	840	0	2
21	3	7	775	845	0	2
21	3	7	780	850	0	2
21	3	7	785	855	0	2
21	3	7	790	860	0	2
21	3	7	795	865	0	2
21	3	7	800	870	0	2
21	3	7	805	875	0	2
21	3	7	810	880	0	2
21	3	7	815	885	0	2
21	3	7	820	890	0	2
22	5	4	755	830	1	6
22	5	4	760	835	1	6
22	5	4	765	840	1	6
22	5	4	770	845	1	6
22	5	4	775	850	1	6
22	5	4	780	855	1	6
22	5	4	785	860	1	6
22	5	4	790	865	1	6
22	5	4	795	870	1	6
22	5	4	800	875	1	6
22	5	4	805	880	1	6
22	5	4	810	885	1	6
22	5	4	815	890	1	6
22	5	4	820	895	1	6
22	5	4	825	900	1	6
22	5	4	830	905	1	6
22	5	4	835	910	1	6
22	5	4	840	915	1	6
22	5	4	845	920	1	6
22	5	4	850	925	1	6
22	5	4	855	930	1	6
22	5	4	860	935	1	6
22	5	4	865	940	1	6
22	5	4	870	945	1	6
22	5	4	875	950	1	6
23	8	5	760	840	1	3
23	8	5	765	845	1	3
23	8	5	770	850	1	3
23	8	5	775	855	1	3
23	8	5	780	860	1	3
23	8	5	785	865	1	3
23	8	5	790	870	1	3
23	8	5	795	875	1	3
23	8	5	800	880	1	3
23	8	5	805	885	1	3
23	8	5	810	890	1	3
23	8	5	815	895	1	3
23	8	5	820	900	1	3
23	8	5	825	905	1	3
23	8	5	830	910	1	3
23	8	5	835	915	1	3
23	8	5	840	920	1	3
23	8	5	845	925	1	3
23	8	5	850	930	1	3
23	8	5	855	935	1	3
23	8	5	860	940	1	3
23	8	5	865	945	1	3
23	8	5	870	950	1	3
23	8	5	875	955	1	3
23	8	5	880	960	1	3
24	5	8	770	840	1	4
24	5	8	775	845	1	4
24	5	8	780	850	1	4
24	5	8	785	855	1	4
24	5	8	790	860	1	4
24	5	8	795	865	1	4
24	5	8	800	870	1	4
24	5	8	805	875	1	4
24	5	8	810	880	1	4
24	5	8	815	885	1	4
24	5	8	820	890	1	4
24	5	8	825	895	1	4
24	5	8	830	900	1	4
24	5	8	835	905	1	4
24	5	8	840	910	1	4
24	5	8	845	915	1	4
24	5	8	850	920	1	4
24	5	8	855	925	1	4
24	5	8	860	930	1	4
24	5	8	865	935	1	4
24	5	8	870	940	1	4
24	5	8	875	945	1	4
24	5	8	880	950	1	4
24	5	8	885	955	1	4
24	5	8	890	960	1	4
25	2	5	770	850	1	5
25	2	5	775	855	1	5
25	2	5	780	860	1	5
25	2	5	785	865	1	5
25	2	5	790	870	1	5
25	2	5	795	875	1	5
25	2	5	800	880	1	5
25	2	5	805	885	1	5
25	2	5	810	890	1	5
25	2	5	815	895	1	5
25	2	5	820	900	1	5
25	2	5	825	905	1	5
25	2	5	830	910	1	5
25	2	5	835	915	1	5
25	2	5	840	920	1	5
25	2	5	845	925	1	5
25	2	5	850	930	1	5
25	2	5	855	935	1	5
25	2	5	860	940	1	5
25	2	5	865	945	1	5
25	2	5	870	950	1	5
25	2	5	875	955	1	5
25	2	5	880	960	1	5
25	2	5	885	965	1	5
25	2	5	890	970	1	5
26	5	1	805	900	0	1
26	5	1	810	905	0	1
26	5	1	815	910	0	1
26	5	1	820	915	0	1
26	5	1	825	920	0	1
26	5	1	830	925	0	1
26	5	1	835	930	0	1
26	5	1	840	935	0	1
26	5	1	845	940	0	1
26	5	1	850	945	0	1
26	5	1	855	950	0	1
26	5	1	860	955	0	1
26	5	1	865	960	0	1
26	5	1	870	965	0	1
26	5	1	875	970	0	1
26	5	1	880	975	0	1
26	5	1	885	980	0	1
26	5	1	890	985	0	1
26	5	1	895	990	0	1
26	5	1	900	995	0	1
26	5	1	905	1000	0	1
26	5	1	910	1005	0	1
26	5	1	915	1010	0	1
26	5	1	920	1015	0	1
26	5	1	925	1020	0	1
27	7	5	815	875	2	7
27	7	5	820	880	2	7
27	7	5	825	885	2	7
27	7	5	830	890	2	7
27	7	5	835	895	2	7
27	7	5	840	900	2	7
27	7	5	845	905	2	7
27	7	5	850	910	2	7
27	7	5	855	915	2	7
27	7	5	860	920	2	7
27	7	5	865	925	2	7
27	7	5	870	930	2	7
27	7	5	875	935	2	7
27	7	5	880	940	2	7
27	7	5	885	945	2	7
27	7	5	890	950	2	7
27	7	5	895	955	2	7
27	7	5	900	960	2	7
27	7	5	905	965	2	7
27	7	5	910	970	2	7
27	7	5	915	975	2	7
27	7	5	920	980	2	7
27	7	5	925	985	2	7
27	7	5	930	990	2	7
27	7	5	935	995	2	7
28	7	3	850	920	0	2
28	7	3	855	925	0	2
28	7	3	860	930	0	2
28	7	3	865	935	0	2
28	7	3	870	940	0	2
28	7	3	875	945	0	2
28	7	3	880	950	0	2
28	7	3	885	955	0	2
28	7	3	890	960	0	2
28	7	3	895	965	0	2
28	7	3	900	970	0	2
28	7	3	905	975	0	2
28	7	3	910	980	0	2
28	7	3	915	985	0	2
28	7	3	920	990	0	2
28	7	3	925	995	0	2
28	7	3	930	1000	0	2
28	7	3	935	1005	0	2
28	7	3	940	1010	0	2
28	7	3	945	1015	0	2
28	7	3	950	1020	0	2
28	7	3	955	1025	0	2
28	7	3	960	1030	0	2
28	7	3	965	1035	0	2
28	7	3	970	1040	0	2
29	4	5	870	950	1	6
29	4	5	875	955	1	6
29	4	5	880	960	1	6
29	4	5	885	965	1	6
29	4	5	890	970	1	6
29	4	5	895	975	1	6
29	4	5	900	980	1	6
29	4	5	905	985	1	6
29	4	5	910	990	1	6
29	4	5	915	995	1	6
29	4	5	920	1000	1	6
29	4	5	925	1005	1	6
29	4	5	930	1010	1	6
29	4	5	935	1015	1	6
29	4	5	940	1020	1	6
29	4	5	945	1025	1	6
29	4	5	950	1030	1	6
29	4	5	955	1035	1	6
29	4	5	960	1040	1	6
29	4	5	965	1045	1	6
29	4	5	970	1050	1	6
29	4	5	975	1055	1	6
29	4	5	980	1060	1	6
29	4	5	985	1065	1	6
29	4	5	990	1070	1	6
30	5	0	880	950	0	0
30	5	0	885	955	0	0
30	5	0	890	960	0	0
30	5	0	895	965	0	0
30	5	0	900	970	0	0
30	5	0	905	975	0	0
30	5	0	910	980	0	0
30	5	0	915	985	0	0
30	5	0	920	990	0	0
30	5	0	925	995	0	0
30	5	0	930	1000	0	0
30	5	0	935	1005	0	0
30	5	0	940	1010	0	0
30	5	0	945	1015	0	0
30	5	0	950	1020	0	0
30	5	0	955	1025	0	0
30	5	0	960	1030	0	0
30	5	0	965	1035	0	0
30	5	0	970	1040	0	0
30	5	0	975	1045	0	0
30	5	0	980	1050	0	0
30	5	0	985	1055	0	0
30	5	0	990	1060	0	0
30	5	0	995	1065	0	0
30	5	0	1000	1070	0	0
31	8	5	880	960	1	4
31	8	5	885	965	1	4
31	8	5	890	970	1	4
31	8	5	895	975	1	4
31	8	5	900	980	1	4
31	8	5	905	985	1	4
31	8	5	910	990	1	4
31	8	5	915	995	1	4
31	8	5	920	1000	1	4
31	8	5	925	1005	1	4
31	8	5	930	1010	1	4
31	8	5	935	1015	1	4
31	8	5	940	1020	1	4
31	8	5	945	1025	1	4
31	8	5	950	1030	1	4
31	8	5	955	1035	1	4
31	8	5	960	1040	1	4
31	8	5	965	1045	1	4
31	8	5	970	1050	1	4
31	8	5	975	1055	1	4
31	8	5	980	1060	1	4
31	8	5	985	1065	1	4
31	8	5	990	1070	1	4
31	8	5	995	1075	1	4
31	8	5	1000	1080	1	4
32	5	8	890	960	1	3
32	5	8	895	965	1	3
32	5	8	900	970	1	3
32	5	8	905	975	1	3
32	5	8	910	980	1	3
32	5	8	915	985	1	3
32	5	8	920	990	1	3
32	5	8	925	995	1	3
32	5	8	930	1000	1	3
32	5	8	935	1005	1	3
32	5	8	940	1010	1	3
32	5	8	945	1015	1	3
32	5	8	950	1020	1	3
32	5	8	955	1025	1	3
32	5	8	960	1030	1	3
32	5	8	965	1035	1	3
32	5	8	970	1040	1	3
32	5	8	975	1045	1	3
32	5	8	980	1050	1	3
32	5	8	985	1055	1	3
32	5	8	990	1060	1	3
32	5	8	995	1065	1	3
32	5	8	1000	1070	1	3
32	5	8	1005	1075	1	3
32	5	8	1010	1080	1	3
33	5	6	935	1020	2	7
33	5	6	940	1025	2	7
33	5	6	945	1030	2	7
33	5	6	950	1035	2	7
33	5	6	955	1040	2	7
33	5	6	960	1045	2	7
33	5	6	965	1050	2	7
33	5	6	970	1055	2	7
33	5	6	975	1060	2	7
33	5	6	980	1065	2	7
33	5	6	985	1070	2	7
33	5	6	990	1075	2	7
33	5	6	995	1080	2	7
33	5	6	1000	1085	2	7
33	5	6	1005	1090	2	7
33	5	6	1010	1095	2	7
33	5	6	1015	1100	2	7
33	5	6	1020	1105	2	7
33	5	6	1025	1110	2	7
33	5	6	1030	1115	2	7
33	5	6	1035	1120	2	7
33	5	6	1040	1125	2	7
33	5	6	1045	1130	2	7
33	5	6	1050	1135	2	7
33	5	6	1055	1140	2	7
34	1	5	950	1045	0	1
34	1	5	955	1050	0	1
34	1	5	960	1055	0	1
34	1	5	965	1060	0	1
34	1	5	970	1065	0	1
34	1	5	975	1070	0	1
34	1	5	980	1075	0	1
34	1	5	985	1080	0	1
34	1	5	990	1085	0	1
34	1	5	995	1090	0	1
34	1	5	1000	1095	0	1
34	1	5	1005	1100	0	1
34	1	5	1010	1105	0	1
34	1	5	1015	1110	0	1
34	1	5	1020	1115	0	1
34	1	5	1025	1120	0	1
34	1	5	1030	1125	0	1
34	1	5	1035	1130	0	1
34	1	5	1040	1135	0	1
34	1	5	1045	1140	0	1
34	1	5	1050	1145	0	1
34	1	5	1055	1150	0	1
34	1	5	1060	1155	0	1
34	1	5	1065	1160	0	1
34	1	5	1070	1165	0	1
35	5	2	955	1030	1	5
35	5	2	960	1035	1	5
35	5	2	965	1040	1	5
35	5	2	970	1045	1	5
35	5	2	975	1050	1	5
35	5	2	980	1055	1	5
35	5	2	985	1060	1	5
35	5	2	990	1065	1	5
35	5	2	995	1070	1	5
35	5	2	1000	1075	1	5
35	5	2	1005	1080	1	5
35	5	2	1010	1085	1	5
35	5	2	1015	1090	1	5
35	5	2	1020	1095	1	5
35	5	2	1025	1100	1	5
35	5	2	1030	1105	1	5
35	5	2	1035	1110	1	5
35	5	2	1040	1115	1	5
35	5	2	1045	1120	1	5
35	5	2	1050	1125	1	5
35	5	2	1055	1130	1	5
35	5	2	1060	1135	1	5
35	5	2	1065	1140	1	5
35	5	2	1070	1145	1	5
35	5	2	1075	1150	1	5
36	3	7	990	1060	0	2
36	3	7	995	1065	0	2
36	3	7	1000	1070	0	2
36	3	7	1005	1075	0	2
36	3	7	1010	1080	0	2
36	3	7	1015	1085	0	2
36	3	7	1020	1090	0	2
36	3	7	1025	1095	0	2
36	3	7	1030	1100	0	2
36	3	7	1035	1105	0	2
36	3	7	1040	1110	0	2
36	3	7	1045	1115	0	2
36	3	7	1050	1120	0	2
36	3	7	1055	1125	0	2
36	3	7	1060	1130	0	2
36	3	7	1065	1135	0	2
36	3	7	1070	1140	0	2
36	3	7	1075	1145	0	2
36	3	7	1080	1150	0	2
36	3	7	1085	1155	0	2
36	3	7	1090	1160	0	2
36	3	7	1095	1165	0	2
36	3	7	1100	1170	0	2
36	3	7	1105	1175	0	2
36	3	7	1110	1180	0	2
37	0	5	995	1070	0	0
37	0	5	1000	1075	0	0
37	0	5	1005	1080	0	0
37	0	5	1010	1085	0	0
37	0	5	1015	1090	0	0
37	0	5	1020	1095	0	0
37	0	5	1025	1100	0	0
37	0	5	1030	1105	0	0
37	0	5	1035	1110	0	0
37	0	5	1040	1115	0	0
37	0	5	1045	1120	0	0
37	0	5	1050	1125	0	0
37	0	5	1055	1130	0	0
37	0	5	1060	1135	0	0
37	0	5	1065	1140	0	0
37	0	5	1070	1145	0	0
37	0	5	1075	1150	0	0
37	0	5	1080	1155	0	0
37	0	5	1085	1160	0	0
37	0	5	1090	1165	0	0
37	0	5	1095	1170	0	0
37	0	5	1100	1175	0	0
37	0	5	1105	1180	0	0
37	0	5	1110	1185	0	0
37	0	5	1115	1190	0	0
38	5	4	995	1070	1	6
38	5	4	1000	1075	1	6
38	5	4	1005	1080	1	6
38	5	4	1010	1085	1	6
38	5	4	1015	1090	1	6
38	5	4	1020	1095	1	6
38	5	4	1025	1100	1	6
38	5	4	1030	1105	1	6
38	5	4	1035	1110	1	6
38	5	4	1040	1115	1	6
38	5	4	1045	1120	1	6
38	5	4	1050	1125	1	6
38	5	4	1055	1130	1	6
38	5	4	1060	1135	1	6
38	5	4	1065	1140	1	6
38	5	4	1070	1145	1	6
38	5	4	1075	1150	1	6
38	5	4	1080	1155	1	6
38	5	4	1085	1160	1	6
38	5	4	1090	1165	1	6
38	5	4	1095	1170	1	6
38	5	4	1100	1175	1	6
38	5	4	1105	1180	1	6
38	5	4	1110	1185	1	6
38	5	4	1115	1190	1	6
39	8	5	1000	1080	1	3
39	8	5	1005	1085	1	3
39	8	5	1010	1090	1	3
39	8	5	1015	1095	1	3
39	8	5	1020	1100	1	3
39	8	5	1025	1105	1	3
39	8	5	1030	1110	1	3
39	8	5	1035	1115	1	3
39	8	5	1040	1120	1	3
39	8	5	1045	1125	1	3
39	8	5	1050	1130	1	3
39	8	5	1055	1135	1	3
39	8	5	1060	1140	1	3
39	8	5	1065	1145	1	3
39	8	5	1070	1150	1	3
39	8	5	1075	1155	1	3
39	8	5	1080	1160	1	3
39	8	5	1085	1165	1	3
39	8	5	1090	1170	1	3
39	8	5	1095	1175	1	3
39	8	5	1100	1180	1	3
39	8	5	1105	1185	1	3
39	8	5	1110	1190	1	3
39	8	5	1115	1195	1	3
39	8	5	1120	1200	1	3
40	5	8	1010	1080	1	4
40	5	8	1015	1085	1	4
40	5	8	1020	1090	1	4
40	5	8	1025	1095	1	4
40	5	8	1030	1100	1	4
40	5	8	1035	1105	1	4
40	5	8	1040	1110	1	4
40	5	8	1045	1115	1	4
40	5	8	1050	1120	1	4
40	5	8	1055	1125	1	4
40	5	8	1060	1130	1	4
40	5	8	1065	1135	1	4
40	5	8	1070	1140	1	4
40	5	8	1075	1145	1	4
40	5	8	1080	1150	1	4
40	5	8	1085	1155	1	4
40	5	8	1090	1160	1	4
40	5	8	1095	1165	1	4
40	5	8	1100	1170	1	4
40	5	8	1105	1175	1	4
40	5	8	1110	1180	1	4
40	5	8	1115	1185	1	4
40	5	8	1120	1190	1	4
40	5	8	1125	1195	1	4
40	5	8	1130	1200	1	4
41	6	5	1070	1155	2	7
41	6	5	1075	1160	2	7
41	6	5	1080	1165	2	7
41	6	5	1085	1170	2	7
41	6	5	1090	1175	2	7
41	6	5	1095	1180	2	7
41	6	5	1100	1185	2	7
41	6	5	1105	1190	2	7
41	6	5	1110	1195	2	7
41	6	5	1115	1200	2	7
41	6	5	1120	1205	2	7
41	6	5	1125	1210	2	7
41	6	5	1130	1215	2	7
41	6	5	1135	1220	2	7
41	6	5	1140	1225	2	7
41	6	5	1145	1230	2	7
41	6	5	1150	1235	2	7
41	6	5	1155	1240	2	7
41	6	5	1160	1245	2	7
41	6	5	1165	1250	2	7
41	6	5	1170	1255	2	7
41	6	5	1175	1260	2	7
41	6	5	1180	1265	2	7
41	6	5	1185	1270	2	7
41	6	5	1190	1275	2	7
42	2	5	1080	1160	1	5
42	2	5	1085	1165	1	5
42	2	5	1090	1170	1	5
42	2	5	1095	1175	1	5
42	2	5	1100	1180	1	5
42	2	5	1105	1185	1	5
42	2	5	1110	1190	1	5
42	2	5	1115	1195	1	5
42	2	5	1120	1200	1	5
42	2	5	1125	1205	1	5
42	2	5	1130	1210	1	5
42	2	5	1135	1215	1	5
42	2	5	1140	1220	1	5
42	2	5	1145	1225	1	5
42	2	5	1150	1230	1	5
42	2	5	1155	1235	1	5
42	2	5	1160	1240	1	5
42	2	5	1165	1245	1	5
42	2	5	1170	1250	1	5
42	2	5	1175	1255	1	5
42	2	5	1180	1260	1	5
42	2	5	1185	1265	1	5
42	2	5	1190	1270	1	5
42	2	5	1195	1275	1	5
42	2	5	1200	1280	1	5
43	7	3	1105	1175	0	2
43	7	3	1110	1180	0	2
43	7	3	1115	1185	0	2
43	7	3	1120	1190	0	2
43	7	3	1125	1195	0	2
43	7	3	1130	1200	0	2
43	7	3	1135	1205	0	2
43	7	3	1140	1210	0	2
43	7	3	1145	1215	0	2
43	7	3	1150	1220	0	2
43	7	3	1155	1225	0	2
43	7	3	1160	1230	0	2
43	7	3	1165	1235	0	2
43	7	3	1170	1240	0	2
43	7	3	1175	1245	0	2
43	7	3	1180	1250	0	2
43	7	3	1185	1255	0	2
43	7	3	1190	1260	0	2
43	7	3	1195	1265	0	2
43	7	3	1200	1270	0	2
43	7	3	1205	1275	0	2
43	7	3	1210	1280	0	2
43	7	3	1215	1285	0	2
43	7	3	1220	1290	0	2
43	7	3	1225	1295	0	2
44	4	5	1110	1190	1	6
44	4	5	1115	1195	1	6
44	4	5	1120	1200	1	6
44	4	5	1125	1205	1	6
44	4	5	1130	1210	1	6
44	4	5	1135	1215	1	6
44	4	5	1140	1220	1	6
44	4	5	1145	1225	1	6
44	4	5	1150	1230	1	6
44	4	5	1155	1235	1	6
44	4	5	1160	1240	1	6
44	4	5	1165	1245	1	6
44	4	5	1170	1250	1	6
44	4	5	1175	1255	1	6
44	4	5	1180	1260	1	6
44	4	5	1185	1265	1	6
44	4	5	1190	1270	1	6
44	4	5	1195	1275	1	6
44	4	5	1200	1280	1	6
44	4	5	1205	1285	1	6
44	4	5	1210	1290	1	6
44	4	5	1215	1295	1	6
44	4	5	1220	1300	1	6
44	4	5	1225	1305	1	6
44	4	5	1230	1310	1	6
45	8	5	1120	1200	1	4
45	8	5	1125	1205	1	4
45	8	5	1130	1210	1	4
45	8	5	1135	1215	1	4
45	8	5	1140	1220	1	4
45	8	5	1145	1225	1	4
45	8	5	1150	1230	1	4
45	8	5	1155	1235	1	4
45	8	5	1160	1240	1	4
45	8	5	1165	1245	1	4
45	8	5	1170	1250	1	4
45	8	5	1175	1255	1	4
45	8	5	1180	1260	1	4
45	8	5	1185	1265	1	4
45	8	5	1190	1270	1	4
45	8	5	1195	1275	1	4
45	8	5	1200	1280	1	4
45	8	5	1205	1285	1	4
45	8	5	1210	1290	1	4
45	8	5	1215	1295	1	4
45	8	5	1220	1300	1	4
45	8	5	1225	1305	1	4
45	8	5	1230	1310	1	4
45	8	5	1235	1315	1	4
45	8	5	1240	1320	1	4
46	5	8	1130	1200	1	3
46	5	8	1135	1205	1	3
46	5	8	1140	1210	1	3
46	5	8	1145	1215	1	3
46	5	8	1150	1220	1	3
46	5	8	1155	1225	1	3
46	5	8	1160	1230	1	3
46	5	8	1165	1235	1	3
46	5	8	1170	1240	1	3
46	5	8	1175	1245	1	3
46	5	8	1180	1250	1	3
46	5	8	1185	1255	1	3
46	5	8	1190	1260	1	3
46	5	8	1195	1265	1	3
46	5	8	1200	1270	1	3
46	5	8	1205	1275	1	3
46	5	8	1210	1280	1	3
46	5	8	1215	1285	1	3
46	5	8	1220	1290	1	3
46	5	8	1225	1295	1	3
46	5	8	1230	1300	1	3
46	5	8	1235	1305	1	3
46	5	8	1240	1310	1	3
46	5	8	1245	1315	1	3
46	5	8	1250	1320	1	3
47	5	1	1140	1235	0	1
47	5	1	1145	1240	0	1
47	5	1	1150	1245	0	1
47	5	1	1155	1250	0	1
47	5	1	1160	1255	0	1
47	5	1	1165	1260	0	1
47	5	1	1170	1265	0	1
47	5	1	1175	1270	0	1
47	5	1	1180	1275	0	1
47	5	1	1185	1280	0	1
47	5	1	1190	1285	0	1
47	5	1	1195	1290	0	1
47	5	1	1200	1295	0	1
47	5	1	1205	1300	0	1
47	5	1	1210	1305	0	1
47	5	1	1215	1310	0	1
47	5	1	1220	1315	0	1
47	5	1	1225	1320	0	1
47	5	1	1230	1325	0	1
47	5	1	1235	1330	0	1
47	5	1	1240	1335	0	1
47	5	1	1245	1340	0	1
47	5	1	1250	1345	0	1
47	5	1	1255	1350	0	1
47	5	1	1260	1355	0	1
48	5	5	1200	1300	0	0
49	5	7	1200	1260	2	7
49	5	7	1205	1265	2	7
49	5	7	1210	1270	2	7
49	5	7	1215	1275	2	7
49	5	7	1220	1280	2	7
49	5	7	1225	1285	2	7
49	5	7	1230	1290	2	7
49	5	7	1235	1295	2	7
49	5	7	1240	1300	2	7
49	5	7	1245	1305	2	7
49	5	7	1250	1310	2	7
49	5	7	1255	1315	2	7
49	5	7	1260	1320	2	7
49	5	7	1265	1325	2	7
49	5	7	1270	1330	2	7
49	5	7	1275	1335	2	7
49	5	7	1280	1340	2	7
49	5	7	1285	1345	2	7
49	5	7	1290	1350	2	7
49	5	7	1295	1355	2	7
49	5	7	1300	1360	2	7
49	5	7	1305	1365	2	7
49	5	7	1310	1370	2	7
49	5	7	1315	1375	2	7
49	5	7	1320	1380	2	7
50	5	2	1205	1280	1	5
50	5	2	1210	1285	1	5
50	5	2	1215	1290	1	5
50	5	2	1220	1295	1	5
50	5	2	1225	1300	1	5
50	5	2	1230	1305	1	5
50	5	2	1235	1310	1	5
50	5	2	1240	1315	1	5
50	5	2	1245	1320	1	5
50	5	2	1250	1325	1	5
50	5	2	1255	1330	1	5
50	5	2	1260	1335	1	5
50	5	2	1265	1340	1	5
50	5	2	1270	1345	1	5
50	5	2	1275	1350	1	5
50	5	2	1280	1355	1	5
50	5	2	1285	1360	1	5
50	5	2	1290	1365	1	5
50	5	2	1295	1370	1	5
50	5	2	1300	1375	1	5
50	5	2	1305	1380	1	5
50	5	2	1310	1385	1	5
50	5	2	1315	1390	1	5
50	5	2	1320	1395	1	5
50	5	2	1325	1400	1	5
51	5	0	1220	1290	0	0
51	5	0	1225	1295	0	0
51	5	0	1230	1300	0	0
51	5	0	1235	1305	0	0
51	5	0	1240	1310	0	0
51	5	0	1245	1315	0	0
51	5	0	1250	1320	0	0
51	5	0	1255	1325	0	0
51	5	0	1260	1330	0	0
51	5	0	1265	1335	0	0
51	5	0	1270	1340	0	0
51	5	0	1275	1345	0	0
51	5	0	1280	1350	0	0
51	5	0	1285	1355	0	0
51	5	0	1290	1360	0	0
51	5	0	1295	1365	0	0
51	5	0	1300	1370	0	0
51	5	0	1305	1375	0	0
51	5	0	1310	1380	0	0
51	5	0	1315	1385	0	0
51	5	0	1320	1390	0	0
51	5	0	1325	1395	0	0
51	5	0	1330	1400	0	0
51	5	0	1335	1405	0	0
51	5	0	1340	1410	0	0
52	3	8	1230	1315	0	2
52	3	8	1235	1320	0	2
52	3	8	1240	1325	0	2
52	3	8	1245	1330	0	2
52	3	8	1250	1335	0	2
52	3	8	1255	1340	0	2
52	3	8	1260	1345	0	2
52	3	8	1265	1350	0	2
52	3	8	1270	1355	0	2
52	3	8	1275	1360	0	2
52	3	8	1280	1365	0	2
52	3	8	1285	1370	0	2
52	3	8	1290	1375	0	2
52	3	8	1295	1380	0	2
52	3	8	1300	1385	0	2
52	3	8	1305	1390	0	2
52	3	8	1310	1395	0	2
52	3	8	1315	1400	0	2
52	3	8	1320	1405	0	2
52	3	8	1325	1410	0	2
52	3	8	1330	1415	0	2
52	3	8	1335	1420	0	2
52	3	8	1340	1425	0	2
52	3	8	1345	1430	0	2
52	3	8	1350	1435	0	2
