151111	3	50	[320, 330, 757, 777, 77B, 319, 321]
153565	3	50	[777, 757, 330, 320, 77B, 319, 321]
154711	3	50	[320, 330, 757, 777, 77B, 319, 321]
181296	4	50	[777, 77B, 757, 320, 330, 319, 321, 333]
181455	1	70	[77B, 777, 757, 320, 330, 319, 321, 333]
181866	0	80	[333, 77B, 777, 757, 320, 330, 319, 321]
181868	1	70	[77B, 777, 757, 320, 330, 319, 321]
181869	0	80	[319, 77B, 777, 757, 320, 330, 321]
181874	1	70	[77B, 777, 757, 320, 330, 319, 321, 333]
181875	4	50	[77B, 777, 757, 320, EM4, 330, 319, 321, 333]
181888	2	60	[77B, 777, 757, 320, 321, 319, 330, 333]
181892	1	70	[77B, 777, 757, 320, 319, 330, 733, 738, 321]
181895	2	60	[77B, 777, 757, 320, 330, 319, 321]
181896	3	50	[320, 319, 777, 77B, 757, 321]
181898	4	50	[77B, 777, 757, 320, 321, 330, 319, 333]
181899	1	70	[77B, 777, 757, 320, 319, 330, 321]
181900	2	60	[77B, 777, 757, 320, 330, 319, 321, 333]
181905	1	70	[77B, 777, 757, 320, 733, 738, 330, 319, 321, 333, 73G]
181906	3	50	[77B, 777, 757, 320, 330, 319, 321, 333]
181914	1	70	[77B, 777, 757, 320, 330, 319, 321, 333]
181959	4	50	[77B, 777, 757, 320, 319, 321, 330, 733, 735, 738, 73G]
181968	0	80	[77B, 777, 757, 320, 330, 319]
181969	0	80	[EM4, 319, 77B, 777, 757, 320, 330]
181972	0	80	[77B, 777, 757, 320, 330, 319, 321]
181979	0	80	[77B, 777, 757, 320, 330, 319, 321]
181980	0	80	[77B, 777, 757, 320, 330, 319, 321, 333]
181982	0	80	[77B, 777, 757, 320, 319]
181984	0	80	[77B, 777, 757, 320, 330, 319]
181988	0	80	[77B, 777, 757, 320, 330, 319]
182015	0	80	[77B, 777, 757, 320, 330, 319, 333, 321]
182017	1	70	[333, 77B, 777, 757, 320, 321, 319, 330, 733, 735, 73G, 738]
182024	0	80	[77B, 777, 757, 320, 330, 319, 321, 333]
182031	4	50	[77B, 777, 757, 320, 319, 330]
182038	4	50	[77B, 777, 757, 320, 330, 319]
182048	0	80	[320, 757, 777, 77B, 330, 319]
182050	0	80	[77B, 777, 757, 320, 330, 319, 321, 333]
182051	0	80	[77B, 777, 757, 320, 330, 319, 333, 321]
182052	0	80	[EM4, 77B, 777, 757, 320, 330, 319, 321, 333]
182053	0	80	[77B, 777, 757, 320, 330, 319, 321]
182055	1	70	[77B, 777, 757, 320, 330, 319, 321]
182056	0	80	[77B, 777, 757, 320, 330, 319, 321, 333]
182057	0	80	[77B, 777, 757, 320, 319, 330, 321]
182058	0	80	[77B, 777, 757, 320, 330, 319, 333, 321]
182059	0	80	[77B, 777, 757, 320, 330, 319, 321, 333]
182060	0	80	[77B, 777, 757, 320, 330, 321, 319, 333]
182062	3	50	[333, 77B, 777, 757, 320, 330, 319, 321]
182064	0	80	[77B, 777, 757, 320, 330, 319, 321, 333]
182066	1	70	[77B, 777, 757, 320, 319, 330, 321]
182067	1	70	[735, 757, 77B, 777, 330, 320, 319, 733, 738, 321]
182068	1	70	[77B, 777, 757, 320, 330, 319, 321, 333]
182070	1	70	[77B, 777, 757, 320, 330, 319, 321, 333]
182072	2	60	[77B, 321, 777, 757, 320, 319, 330, 333]
182074	1	70	[77B, 777, 757, 320, 330, 319, 738, 733, 321]
182076	1	70	[77B, 777, 757, 320, 330, 319, 321]
182079	0	80	[77B, 777, 757, 320, 330, 319, 321]
182081	1	70	[77B, 777, 757, 320, EM4, 319, 330, 321, 333]
182082	1	70	[77B, 777, 757, 320, 330, 319]
182083	1	70	[77B, 777, 757, 320, 330, 319, 321]
182084	1	70	[333, 77B, 777, 757, 320, 319, 330]
182085	1	70	[733, 738, 77B, 777, 757, 320, 330, 319, 321, 333]
182086	1	70	[777, 77B, 757, 330, 320, 319, 333, 321]
182091	1	70	[77B, 777, 757, 320, 330, 319, 321]
182093	2	60	[EM4, 77B, 777, 757, 320, 330, 319, 321]
182097	2	60	[77B, 777, 757, 320, 319, 321, 333]
182098	1	70	[77B, 777, 757, 320, 319, 330, 321, 333]
182100	1	70	[77B, 777, 757, 320, 330, 319, 333, 321]
182104	1	70	[77B, 777, 757, 320, 330, 319, 321, 333]
182107	1	70	[333, 77B, 777, 757, 320, 330, 319, 321]
182108	3	50	[77B, 777, 757, 320, 330, 319, 321, 333]
182111	2	60	[77B, 777, 757, 320, 319, 321]
182116	3	50	[77B, 777, 757, 320, 319, 321]
182117	1	70	[320, 757, 777, 77B, 330, 319, 333]
182118	2	60	[77B, 777, 757, 320, 319, 321]
182119	1	70	[77B, 777, 757, 320, 330, 319, 321, 333]
182123	2	60	[77B, 777, 757, 320, 330, 319, 321, 333]
182124	1	70	[77B, 777, 757, 320, 330, 319]
182126	2	60	[77B, 777, 757, 320, 330, 319, 333, 321]
182129	0	80	[77B, 777, 757, 320, 330, 319]
182130	1	70	[77B, 777, 757, 320, 330, 319, 321, 333]
182131	0	80	[77B, 777, 757, 320, 330, 319, 321, 333]
182133	0	80	[333, 77B, 777, 757, 320, 319, 330, 321]
182134	0	80	[77B, 777, 757, 320, 321, 330, 319, 333]
182135	0	80	[77B, 777, 757, 320, 319, 330, 321]
182136	0	80	[77B, 777, 757, 320, 330, 319, 333, 321]
182137	0	80	[77B, 777, 757, 320, 319, 330]
182138	0	80	[77B, 777, 757, 320, 330, 319, 321, 333]
182139	1	70	[77B, 777, 757, 320, 330, 319, 321]
182140	0	80	[77B, 777, 757, 320, 330, 319, 321, 333]
182141	0	80	[77B, 777, 757, 320, 319, 330, 321]
182142	2	60	[77B, 777, 757, 320, 330, 319, 333, 321]
182143	1	70	[77B, 777, 757, 320, 330, 319]
182145	1	70	[77B, 777, 757, 320, 319, 321]
182147	0	80	[77B, 777, 757, 320, 330, 319, 321]
182148	1	70	[77B, 777, 757, 320, 319, 330, 321, 333]
182149	1	70	[77B, 777, 757, 320, 330, 319, 321]
182152	0	80	[77B, 777, 757, 320, 330, 319, 333, 321]
182153	0	80	[77B, 777, 757, 320, 330, 319, 321]
182157	0	80	[77B, 777, 757, 320, 330, 319, 321, 333]
182159	0	80	[77B, 777, 757, 320, 330, 319, 321, 333]
182160	0	80	[77B, 777, 757, 320, 330, 319, 321]
182164	1	70	[77B, 777, 757, 320, 330, 319, 733, 738, 321, 333]
182170	1	70	[333, 77B, 777, 757, 320, 319, 330, 321]
182173	1	70	[77B, 777, 757, 320, 330, 319]
182176	3	50	[77B, 777, 757, 320, 319, 330, 333]
182177	1	70	[77B, 777, 757, 320, 319, 330, 321]
182178	0	80	[77B, 777, 757, 320, 330, 319, 321, 333]
182180	1	70	[77B, 777, 757, 320, 319]
182185	3	50	[333, 330, 320, 319, 777, 77B, 757, 321]
182190	1	70	[77B, 777, 757, 320, 319, 330, 321]
182194	0	80	[77B, 777, 757, 320, 330, 319, EM4, 321, 333]
182195	1	70	[77B, 777, 757, 320, 330, 319, 333, 321]
182202	1	70	[77B, 777, 757, 320, 330, 319, 733, 738, 321]
182204	4	50	[333, 77B, 777, 757, 320, EM4, 330, 319, 321]
182205	1	70	[77B, 777, 757, 320, 330, 321, 319]
182206	2	60	[77B, 777, 757, 320, 330, 319, 333, 321]
182211	2	60	[320, 77B, 777, 757, 319, 321]
182212	1	70	[77B, 777, 757, 320, 330, 319, 733, 738, 321]
182215	0	80	[77B, 777, 757, 320, 330, 319, 321, 333]
182216	0	80	[320, 77B, 777, 757, 330, 319, 321, 333]
182217	0	80	[77B, 777, 757, 320, 330, 319, 321, 333]
182218	0	80	[77B, 777, 757, 320, 319, 330, 321]
182219	0	80	[77B, 777, 757, 320, 330, 319, 321]
182220	0	80	[77B, 777, 757, 320, 330, 319, 321]
182221	0	80	[77B, 777, 757, 320, 330, 319, 333, 321]
182222	0	80	[77B, 777, 757, 320, 330, 319, 321]
182224	0	80	[77B, 777, 757, 320, 330, 319, 321, 333]
182225	0	80	[77B, 777, 757, 320, 330, 319, 333, 321]
182226	0	80	[77B, 777, 757, 320, 330, 319, 321]
182227	0	80	[77B, 777, 757, 320, 330, 319, 321, 333]
182228	2	60	[77B, 777, 757, 320, 330, 319, 333]
182229	0	80	[77B, 777, 757, 320, 330, 319, 321]
182230	0	80	[77B, 777, 757, 320, 330, 319, 333, 321]
182232	0	80	[77B, 777, 757, 320, 330, 319, 321, 333]
182233	1	70	[77B, 777, 757, 320, 330, 319, 321, 333]
182236	1	70	[77B, 777, 757, 320, 330, 319, 321]
182239	1	70	[77B, 777, 757, 320, 319, 330]
182244	2	60	[77B, 777, 757, 320, 330, 319, 321, 333]
182247	3	50	[77B, 777, 757, 320, 319]
182248	1	70	[77B, 777, 757, 320, 330, 321, 319, 333]
182249	1	70	[77B, 777, 757, 320, 319, 321, 330]
182252	1	70	[77B, 777, 757, 320, 330, 319, 321]
182255	1	70	[77B, 777, 757, 320, 319, 330, 321, 333]
182257	2	60	[77B, 777, 757, 320, 330, 319, 321, 333]
182261	1	70	[77B, 777, 757, 320, 330, 319, 321, 333]
182263	0	80	[77B, 777, 757, 320, 330, 319, 321]
182265	1	70	[EM4, 77B, 777, 757, 320, 319, 330]
182266	0	80	[77B, 777, 757, 320, 330, 319, 321]
182268	2	60	[77B, 777, 757, 320, 321, 319, 330]
182270	2	60	[77B, 777, 757, 320, EM4, 319, 330, 333, 321]
182271	3	50	[777, 77B, 757, 320, 319]
182272	2	60	[77B, 777, 757, 320, 319, 321]
182275	0	80	[77B, 777, 757, 320, 319, 330, 321, 333]
182280	1	70	[EM4, 77B, 777, 757, 320, 330, 319, 733, 738, 73G, 321, 333]
182282	1	70	[77B, 777, 757, 320, 319, 330, 733, 738, 333, 321]
182283	2	60	[77B, 777, 757, 320, 319, 321]
182285	2	60	[333, 77B, 777, 757, 320, 319, 330, 321]
182287	1	70	[77B, 777, 757, 320, 319, 330, 321, 333]
182290	1	70	[77B, 777, 757, 320, 319, 330, 321]
182293	2	60	[77B, 777, 757, 320, EM4, 319, 330, 333, 321]
182294	2	60	[77B, 777, 757, 320, 319, 321]
182295	0	80	[77B, 777, 757, 320, 330, 319, 321, 333]
182296	1	70	[77B, 777, 757, 320, 330, 319, 321, 333]
182297	0	80	[77B, 777, 757, 320, 330, 319, 321, 333]
182298	0	80	[77B, 777, 757, 320, 330, 319, 321]
182299	0	80	[77B, 777, 757, 320, 319, 330, 321, 333]
182300	0	80	[77B, 777, 757, 320, 330, 319, 321, 333]
182302	0	80	[77B, 777, 757, 320, 330, 319]
182304	0	80	[77B, 777, 757, 320, 319, 330, 321, 333]
182305	0	80	[77B, 777, 757, 320, 321, 319, 330, 333]
182306	0	80	[77B, 777, 757, 320, 319, 330, 321, 333]
182308	0	80	[77B, 321, 777, 757, 320, 330, 319]
182309	0	80	[77B, 777, 757, 320, 330, 319, 321, 333]
182311	0	80	[77B, 777, 757, 320, 330, 319, 333, 321]
182313	0	80	[77B, 777, 757, 320, 330, 319]
182314	1	70	[77B, 777, 757, 320, 330, 319, 333, 321]
182315	1	70	[77B, 777, 757, 320, 330, 319, 733, 738, 321, 333]
182316	0	80	[77B, 777, 757, 320, 319, 330, 321, 333]
182317	0	80	[77B, 777, 757, 320, 330, 319, 321, 333]
182320	1	70	[77B, 777, 757, 320, 330, 319, 321, 333]
182321	0	80	[77B, 777, 757, 320, 330, 319, 321, 333]
182326	0	80	[EM4, 77B, 777, 757, 320, 330, 319]
182327	2	60	[333, 77B, 777, 757, 320, 330, 319, 321]
182328	0	80	[77B, 777, 757, 320, 330, 319, 333, 321]
182329	1	70	[77B, 777, 757, 320, 330, 319, 321, 333]
182332	1	70	[77B, 777, 757, 320, 319, 330, 321, 333]
182334	1	70	[77B, 777, 757, 320, 330, 319, 321]
182336	1	70	[77B, 777, 757, 320, 330, 319, 321, 333]
182338	1	70	[77B, 777, 757, 320, EM4, 319, 330, 733, 738, 333, 321]
182339	1	70	[333, 77B, 777, 757, 320, 330, 319, 321]
182340	2	60	[77B, 777, 757, 320, 330, 319, 333, 321]
182341	3	50	[77B, 777, 757, 320, 319, 330, 321, 333]
182344	3	50	[EM4, 333, 77B, 777, 757, 320, 330, 319]
182345	2	60	[77B, 777, 757, 320, 319, 330, 321, 333]
182346	1	70	[77B, 777, 757, 320, 319, 330, 321, 333]
182347	1	70	[77B, 777, 757, 320, 330, 319]
182350	1	70	[77B, 777, 757, 320, 330, 319, 733, 738, 321]
182352	1	70	[77B, 777, 757, 320, 319, 330, 321, 333]
182353	0	80	[77B, 777, 757, 320, 330, 319, 333, 321]
182354	3	50	[777, 77B, 757, 330, 320, 319, 321]
182355	0	80	[77B, 777, 757, 320, 330, 319, 321]
182359	1	70	[77B, 777, 757, 320, 330, 319, 738, 733, 333, 321]
182360	1	70	[77B, 777, 757, 320, 330, 319, 321, 333]
182364	2	60	[77B, 777, 757, 320, 330, 319, 321, 333]
182368	2	60	[77B, 777, 757, 320, 319, 330, 321, 333]
182369	1	70	[77B, 777, 757, 320, 319, 330, 321, 333]
182370	3	50	[77B, 777, 757, 320, 319, 321]
182373	2	60	[77B, 777, 757, 320, 319, 321]
182374	2	60	[EM4, 77B, 777, 757, 320, 330, 319, 321, 333]
182376	1	70	[77B, 777, 757, 320, 330, 319, 321, 333]
182377	2	60	[77B, 777, 757, 320, 330, 319, 321]
182382	0	80	[77B, 777, 757, 320, 330, 319, 333, 321]
182383	1	70	[77B, 777, 757, 320, 330, 319, 321, 333]
182386	0	80	[77B, 777, 757, 320, 330, 319, 333, 321]
182387	0	80	[77B, 777, 757, 320, 330, 319, 321]
182388	0	80	[EM4, 77B, 777, 757, 320, 330, 319, 321, 333]
182392	0	80	[77B, 777, 757, 320, 330, 319, 333, 321]
182393	0	80	[77B, 777, 757, 320, 330, 319]
182396	2	60	[77B, 777, 757, 320, 330, 319, 321, 333]
182398	0	80	[77B, 777, 757, 320, 319, 330, 321, 333]
182402	0	80	[77B, 777, 757, 320, 330, 319, 321, 333]
182403	1	70	[333, 77B, 777, 757, 320, 330, 319, 321]
182404	0	80	[77B, 777, 757, 320, 330, 319, EM4, 321]
182405	1	70	[EM4, 77B, 777, 757, 320, 330, 319]
182406	0	80	[77B, 777, 757, 320, 330, 319, 321]
182411	1	70	[77B, 777, 757, 320, 330, 319, 321, 333]
182414	0	80	[77B, 777, 757, 320, 330, 319]
182415	0	80	[77B, 777, 757, 320, 330, 319, 333, 321]
182416	0	80	[77B, 777, 757, 320, 330, 319, 321, 333]
182419	2	60	[77B, 777, 757, 320, 330, 319, 321, 333]
182420	0	80	[77B, 777, 757, 320, 330, 319, 333, 321]
182422	1	70	[77B, 777, 757, 320, 330, 319, 321, 333]
182423	2	60	[77B, 777, 757, 320, 330, 319]
182425	1	70	[77B, 777, 757, 320, 330, 319, 321, 333]
182426	0	80	[77B, 777, 757, 320, 330, 319, 321, 333]
182428	2	60	[77B, 777, 757, 320, 330, 319, 321, 333]
182429	1	70	[77B, 777, 757, 320, 330, 319, 321, 333]
182430	1	70	[EM4, 77B, 777, 757, 320, 330, 319, 733, 735, 73G, 738, 321, 333]
182432	1	70	[77B, 777, 757, 320, 319, 330]
182433	1	70	[77B, 777, 757, 320, 330, 319, 733, 735, 73G, 738, 321]
182434	2	60	[77B, 777, 757, 320, 330, 319, 321]
182437	2	60	[77B, 777, 757, 320, 319, 330]
182439	1	70	[77B, 777, 757, 320, 319, 330, 733, 738]
182441	1	70	[77B, 777, 757, 320, 330, 319, 733, 738]
182443	2	60	[77B, 777, 757, 320, 330, 319, 333, 321]
182445	1	70	[77B, 777, 757, 320, EM4, 330, 319, 733, 738, 333, 321]
182446	0	80	[77B, 777, 757, 320, 330, 319, 321]
182453	2	60	[77B, 777, 757, 320, 319, 330, 321, 333]
182455	1	70	[77B, 777, 757, 320, 330, 319, 321, 333]
182457	1	70	[77B, 777, 757, 320, 330, 319, 321]
182458	1	70	[77B, 777, 757, 320, 330, 319, 321, 333]
