151111	3	50	[320, 330, 757, 777, 77B, 319, 321]
153565	3	50	[777, 757, 330, 320, 77B, 319, 321]
154711	3	50	[320, 330, 757, 777, 77B, 319, 321]
181296	4	50	[777, 77B, 757, 320, 330, 319, 321, 333]
181455	1	70	[77B, 777, 757, 320, 330, 319, 321, 333]
181866	0	80	[333, 77B, 777, 757, 320, 330, 319, 321]
181868	1	70	[77B, 777, 757, 320, 330, 319, 321]
181869	0	80	[319, 77B, 777, 757, 320, 330, 321]
181874	1	70	[77B, 777, 757, 320, 330, 319, 321, 333]
181875	4	50	[77B, 777, 757, 320, EM4, 330, 319, 321, 333]
181888	2	60	[77B, 777, 757, 320, 321, 319, 330, 333]
181892	1	70	[77B, 777, 757, 320, 319, 330, 733, 738, 321]
181895	2	60	[77B, 777, 757, 320, 330, 319, 321]
181896	3	50	[320, 319, 777, 77B, 757, 321]
181898	4	50	[77B, 777, 757, 320, 321, 330, 319, 333]
181899	1	70	[77B, 777, 757, 320, 319, 330, 321]
181900	2	60	[77B, 777, 757, 320, 330, 319, 321, 333]
181905	1	70	[77B, 777, 757, 320, 733, 738, 330, 319, 321, 333, 73G]
181906	3	50	[77B, 777, 757, 320, 330, 319, 321, 333]
181914	1	70	[77B, 777, 757, 320, 330, 319, 321, 333]
181959	4	50	[77B, 777, 757, 320, 319, 321, 330, 733, 735, 738, 73G]
181968	0	80	[77B, 777, 757, 320, 330, 319]
181969	0	80	[EM4, 319, 77B, 777, 757, 320, 330]
181972	0	80	[77B, 777, 757, 320, 330, 319, 321]
181979	0	80	[77B, 777, 757, 320, 330, 319, 321]
181980	0	80	[77B, 777, 757, 320, 330, 319, 321, 333]
181982	0	80	[77B, 777, 757, 320, 319]
181984	0	80	[77B, 777, 757, 320, 330, 319]
181988	0	80	[77B, 777, 757, 320, 330, 319]
182015	0	80	[77B, 777, 757, 320, 330, 319, 333, 321]
182017	1	70	[333, 77B, 777, 757, 320, 321, 319, 330, 733, 735, 73G, 738]
182024	0	80	[77B, 777, 757, 320, 330, 319, 321, 333]
182031	4	50	[77B, 777, 757, 320, 319, 330]
182038	4	50	[77B, 777, 757, 320, 330, 319]
182048	0	80	[320, 757, 777, 77B, 330, 319]
182050	0	80	[77B, 777, 757, 320, 330, 319, 321, 333]
182051	0	80	[77B, 777, 757, 320, 330, 319, 333, 321]
182052	0	80	[EM4, 77B, 777, 757, 320, 330, 319, 321, 333]
182053	0	80	[77B, 777, 757, 320, 330, 319, 321]
182055	1	70	[77B, 777, 757, 320, 330, 319, 321]
182056	0	80	[77B, 777, 757, 320, 330, 319, 321, 333]
182057	0	80	[77B, 777, 757, 320, 319, 330, 321]
182058	0	80	[77B, 777, 757, 320, 330, 319, 333, 321]
182059	0	80	[77B, 777, 757, 320, 330, 319, 321, 333]
182060	0	80	[77B, 777, 757, 320, 330, 321, 319, 333]
182062	3	50	[333, 77B, 777, 757, 320, 330, 319, 321]
182064	0	80	[77B, 777, 757, 320, 330, 319, 321, 333]
182066	1	70	[77B, 777, 757, 320, 319, 330, 321]
182067	1	70	[735, 757, 77B, 777, 330, 320, 319, 733, 738, 321]
182068	1	70	[77B, 777, 757, 320, 330, 319, 321, 333]
182070	1	70	[77B, 777, 757, 320, 330, 319, 321, 333]
182072	2	60	[77B, 321, 777, 757, 320, 319, 330, 333]
182074	1	70	[77B, 777, 757, 320, 330, 319, 738, 733, 321]
182076	1	70	[77B, 777, 757, 320, 330, 319, 321]
182079	0	80	[77B, 777, 757, 320, 330, 319, 321]
182081	1	70	[77B, 777, 757, 320, EM4, 319, 330, 321, 333]
182082	1	70	[77B, 777, 757, 320, 330, 319]
182083	1	70	[77B, 777, 757, 320, 330, 319, 321]
182084	1	70	[333, 77B, 777, 757, 320, 319, 330]
182085	1	70	[733, 738, 77B, 777, 757, 320, 330, 319, 321, 333]
182086	1	70	[777, 77B, 757, 330, 320, 319, 333, 321]
182091	1	70	[77B, 777, 757, 320, 330, 319, 321]
182093	2	60	[EM4, 77B, 777, 757, 320, 330, 319, 321]
182097	2	60	[77B, 777, 757, 320, 319, 321, 333]
182098	1	70	[77B, 777, 757, 320, 319, 330, 321, 333]
182100	1	70	[77B, 777, 757, 320, 330, 319, 333, 321]
182104	1	70	[77B, 777, 757, 320, 330, 319, 321, 333]
182107	1	70	[333, 77B, 777, 757, 320, 330, 319, 321]
182108	3	50	[77B, 777, 757, 320, 330, 319, 321, 333]
182111	2	60	[77B, 777, 757, 320, 319, 321]
182116	3	50	[77B, 777, 757, 320, 319, 321]
182117	1	70	[320, 757, 777, 77B, 330, 319, 333]
182118	2	60	[77B, 777, 757, 320, 319, 321]
182119	1	70	[77B, 777, 757, 320, 330, 319, 321, 333]
182123	2	60	[77B, 777, 757, 320, 330, 319, 321, 333]
182124	1	70	[77B, 777, 757, 320, 330, 319]
182126	2	60	[77B, 777, 757, 320, 330, 319, 333, 321]
182129	0	80	[77B, 777, 757, 320, 330, 319]
182130	1	70	[77B, 777, 757, 320, 330, 319, 321, 333]
182131	0	80	[77B, 777, 757, 320, 330, 319, 321, 333]
182133	0	80	[333, 77B, 777, 757, 320, 319, 330, 321]
182134	0	80	[77B, 777, 757, 320, 321, 330, 319, 333]
182135	0	80	[77B, 777, 757, 320, 319, 330, 321]
182136	0	80	[77B, 777, 757, 320, 330, 319, 333, 321]
182137	0	80	[77B, 777, 757, 320, 319, 330]
182138	0	80	[77B, 777, 757, 320, 330, 319, 321, 333]
182139	1	70	[77B, 777, 757, 320, 330, 319, 321]
182140	0	80	[77B, 777, 757, 320, 330, 319, 321, 333]
182141	0	80	[77B, 777, 757, 320, 319, 330, 321]
182142	2	60	[77B, 777, 757, 320, 330, 319, 333, 321]
182143	1	70	[77B, 777, 757, 320, 330, 319]
182145	1	70	[77B, 777, 757, 320, 319, 321]
182147	0	80	[77B, 777, 757, 320, 330, 319, 321]
182148	1	70	[77B, 777, 757, 320, 319, 330, 321, 333]
182149	1	70	[77B, 777, 757, 320, 330, 319, 321]
182152	0	80	[77B, 777, 757, 320, 330, 319, 333, 321]
182153	0	80	[77B, 777, 757, 320, 330, 319, 321]
182157	0	80	[77B, 777, 757, 320, 330, 319, 321, 333]
182159	0	80	[77B, 777, 757, 320, 330, 319, 321, 333]
182160	0	80	[77B, 777, 757, 320, 330, 319, 321]
182164	1	70	[77B, 777, 757, 320, 330, 319, 733, 738, 321, 333]
182170	1	70	[333, 77B, 777, 757, 320, 319, 330, 321]
182173	1	70	[77B, 777, 757, 320, 330, 319]
182176	3	50	[77B, 777, 757, 320, 319, 330, 333]
182177	1	70	[77B, 777, 757, 320, 319, 330, 321]
182178	0	80	[77B, 777, 757, 320, 330, 319, 321, 333]
182180	1	70	[77B, 777, 757, 320, 319]
182185	3	50	[333, 330, 320, 319, 777, 77B, 757, 321]
182190	1	70	[77B, 777, 757, 320, 319, 330, 321]
182194	0	80	[77B, 777, 757, 320, 330, 319, EM4, 321, 333]
182195	1	70	[77B, 777, 757, 320, 330, 319, 333, 321]
182202	1	70	[77B, 777, 757, 320, 330, 319, 733, 738, 321]
182204	4	50	[333, 77B, 777, 757, 320, EM4, 330, 319, 321]
182205	1	70	[77B, 777, 757, 320, 330, 321, 319]
182206	2	60	[77B, 777, 757, 320, 330, 319, 333, 321]
182211	2	60	[320, 77B, 777, 757, 319, 321]
182212	1	70	[77B, 777, 757, 320, 330, 319, 733, 738, 321]
182215	0	80	[77B, 777, 757, 320, 330, 319, 321, 333]
182216	0	80	[320, 77B, 777, 757, 330, 319, 321, 333]
182217	0	80	[77B, 777, 757, 320, 330, 319, 321, 333]
182218	0	80	[77B, 777, 757, 320, 319, 330, 321]
182219	0	80	[77B, 777, 757, 320, 330, 319, 321]
182220	0	80	[77B, 777, 757, 320, 330, 319, 321]
182221	0	80	[77B, 777, 757, 320, 330, 319, 333, 321]
182222	0	80	[77B, 777, 757, 320, 330, 319, 321]
182224	0	80	[77B, 777, 757, 320, 330, 319, 321, 333]
182225	0	80	[77B, 777, 757, 320, 330, 319, 333, 321]
182226	0	80	[77B, 777, 757, 320, 330, 319, 321]
182227	0	80	[77B, 777, 757, 320, 330, 319, 321, 333]
182228	2	60	[77B, 777, 757, 320, 330, 319, 333]
182229	0	80	[77B, 777, 757, 320, 330, 319, 321]
182230	0	80	[77B, 777, 757, 320, 330, 319, 333, 321]
182232	0	80	[77B, 777, 757, 320, 330, 319, 321, 333]
182233	1	70	[77B, 777, 757, 320, 330, 319, 321, 333]
182236	1	70	[77B, 777, 757, 320, 330, 319, 321]
182239	1	70	[77B, 777, 757, 320, 319, 330]
182244	2	60	[77B, 777, 757, 320, 330, 319, 321, 333]
182247	3	50	[77B, 777, 757, 320, 319]
182248	1	70	[77B, 777, 757, 320, 330, 321, 319, 333]
182249	1	70	[77B, 777, 757, 320, 319, 321, 330]
182252	1	70	[77B, 777, 757, 320, 330, 319, 321]
182255	1	70	[77B, 777, 757, 320, 319, 330, 321, 333]
182257	2	60	[77B, 777, 757, 320, 330, 319, 321, 333]
182261	1	70	[77B, 777, 757, 320, 330, 319, 321, 333]
182263	0	80	[77B, 777, 757, 320, 330, 319, 321]
182265	1	70	[EM4, 77B, 777, 757, 320, 319, 330]
182266	0	80	[77B, 777, 757, 320, 330, 319, 321]
182268	2	60	[77B, 777, 757, 320, 321, 319, 330]
182270	2	60	[77B, 777, 757, 320, EM4, 319, 330, 333, 321]
182271	3	50	[777, 77B, 757, 320, 319]
182272	2	60	[77B, 777, 757, 320, 319, 321]
182275	0	80	[77B, 777, 757, 320, 319, 330, 321, 333]
182280	1	70	[EM4, 77B, 777, 757, 320, 330, 319, 733, 738, 73G, 321, 333]
182282	1	70	[77B, 777, 757, 320, 319, 330, 733, 738, 333, 321]
182283	2	60	[77B, 777, 757, 320, 319, 321]
182285	2	60	[333, 77B, 777, 757, 320, 319, 330, 321]
182287	1	70	[77B, 777, 757, 320, 319, 330, 321, 333]
182290	1	70	[77B, 777, 757, 320, 319, 330, 321]
182293	2	60	[77B, 777, 757, 320, EM4, 319, 330, 333, 321]
182294	2	60	[77B, 777, 757, 320, 319, 321]
182295	0	80	[77B, 777, 757, 320, 330, 319, 321, 333]
182296	1	70	[77B, 777, 757, 320, 330, 319, 321, 333]
182297	0	80	[77B, 777, 757, 320, 330, 319, 321, 333]
182298	0	80	[77B, 777, 757, 320, 330, 319, 321]
182299	0	80	[77B, 777, 757, 320, 319, 330, 321, 333]
182300	0	80	[77B, 777, 757, 320, 330, 319, 321, 333]
182302	0	80	[77B, 777, 757, 320, 330, 319]
182304	0	80	[77B, 777, 757, 320, 319, 330, 321, 333]
182305	0	80	[77B, 777, 757, 320, 321, 319, 330, 333]
182306	0	80	[77B, 777, 757, 320, 319, 330, 321, 333]
182308	0	80	[77B, 321, 777, 757, 320, 330, 319]
182309	0	80	[77B, 777, 757, 320, 330, 319, 321, 333]
182311	0	80	[77B, 777, 757, 320, 330, 319, 333, 321]
182313	0	80	[77B, 777, 757, 320, 330, 319]
182314	1	70	[77B, 777, 757, 320, 330, 319, 333, 321]
182315	1	70	[77B, 777, 757, 320, 330, 319, 733, 738, 321, 333]
182316	0	80	[77B, 777, 757, 320, 319, 330, 321, 333]
182317	0	80	[77B, 777, 757, 320, 330, 319, 321, 333]
182320	1	70	[77B, 777, 757, 320, 330, 319, 321, 333]
182321	0	80	[77B, 777, 757, 320, 330, 319, 321, 333]
182326	0	80	[EM4, 77B, 777, 757, 320, 330, 319]
182327	2	60	[333, 77B, 777, 757, 320, 330, 319, 321]
182328	0	80	[77B, 777, 757, 320, 330, 319, 333, 321]
182329	1	70	[77B, 777, 757, 320, 330, 319, 321, 333]
182332	1	70	[77B, 777, 757, 320, 319, 330, 321, 333]
182334	1	70	[77B, 777, 757, 320, 330, 319, 321]
182336	1	70	[77B, 777, 757, 320, 330, 319, 321, 333]
182338	1	70	[77B, 777, 757, 320, EM4, 319, 330, 733, 738, 333, 321]
182339	1	70	[333, 77B, 777, 757, 320, 330, 319, 321]
182340	2	60	[77B, 777, 757, 320, 330, 319, 333, 321]
182341	3	50	[77B, 777, 757, 320, 319, 330, 321, 333]
182344	3	50	[EM4, 333, 77B, 777, 757, 320, 330, 319]
182345	2	60	[77B, 777, 757, 320, 319, 330, 321, 333]
182346	1	70	[77B, 777, 757, 320, 319, 330, 321, 333]
182347	1	70	[77B, 777, 757, 320, 330, 319]
182350	1	70	[77B, 777, 757, 320, 330, 319, 733, 738, 321]
182352	1	70	[77B, 777, 757, 320, 319, 330, 321, 333]
182353	0	80	[77B, 777, 757, 320, 330, 319, 333, 321]
182354	3	50	[777, 77B, 757, 330, 320, 319, 321]
182355	0	80	[77B, 777, 757, 320, 330, 319, 321]
182359	1	70	[77B, 777, 757, 320, 330, 319, 738, 733, 333, 321]
182360	1	70	[77B, 777, 757, 320, 330, 319, 321, 333]
182364	2	60	[77B, 777, 757, 320, 330, 319, 321, 333]
182368	2	60	[77B, 777, 757, 320, 319, 330, 321, 333]
182369	1	70	[77B, 777, 757, 320, 319, 330, 321, 333]
182370	3	50	[77B, 777, 757, 320, 319, 321]
182373	2	60	[77B, 777, 757, 320, 319, 321]
182374	2	60	[EM4, 77B, 777, 757, 320, 330, 319, 321, 333]
182376	1	70	[77B, 777, 757, 320, 330, 319, 321, 333]
182377	2	60	[77B, 777, 757, 320, 330, 319, 321]
182382	0	80	[77B, 777, 757, 320, 330, 319, 333, 321]
182383	1	70	[77B, 777, 757, 320, 330, 319, 321, 333]
182386	0	80	[77B, 777, 757, 320, 330, 319, 333, 321]
182387	0	80	[77B, 777, 757, 320, 330, 319, 321]
182388	0	80	[EM4, 77B, 777, 757, 320, 330, 319, 321, 333]
182392	0	80	[77B, 777, 757, 320, 330, 319, 333, 321]
182393	0	80	[77B, 777, 757, 320, 330, 319]
182396	2	60	[77B, 777, 757, 320, 330, 319, 321, 333]
182398	0	80	[77B, 777, 757, 320, 319, 330, 321, 333]
182402	0	80	[77B, 777, 757, 320, 330, 319, 321, 333]
182403	1	70	[333, 77B, 777, 757, 320, 330, 319, 321]
182404	0	80	[77B, 777, 757, 320, 330, 319, EM4, 321]
182405	1	70	[EM4, 77B, 777, 757, 320, 330, 319]
182406	0	80	[77B, 777, 757, 320, 330, 319, 321]
182411	1	70	[77B, 777, 757, 320, 330, 319, 321, 333]
182414	0	80	[77B, 777, 757, 320, 330, 319]
182415	0	80	[77B, 777, 757, 320, 330, 319, 333, 321]
182416	0	80	[77B, 777, 757, 320, 330, 319, 321, 333]
182419	2	60	[77B, 777, 757, 320, 330, 319, 321, 333]
182420	0	80	[77B, 777, 757, 320, 330, 319, 333, 321]
182422	1	70	[77B, 777, 757, 320, 330, 319, 321, 333]
182423	2	60	[77B, 777, 757, 320, 330, 319]
182425	1	70	[77B, 777, 757, 320, 330, 319, 321, 333]
182426	0	80	[77B, 777, 757, 320, 330, 319, 321, 333]
182428	2	60	[77B, 777, 757, 320, 330, 319, 321, 333]
182429	1	70	[77B, 777, 757, 320, 330, 319, 321, 333]
182430	1	70	[EM4, 77B, 777, 757, 320, 330, 319, 733, 735, 73G, 738, 321, 333]
182432	1	70	[77B, 777, 757, 320, 319, 330]
182433	1	70	[77B, 777, 757, 320, 330, 319, 733, 735, 73G, 738, 321]
182434	2	60	[77B, 777, 757, 320, 330, 319, 321]
182437	2	60	[77B, 777, 757, 320, 319, 330]
182439	1	70	[77B, 777, 757, 320, 319, 330, 733, 738]
182441	1	70	[77B, 777, 757, 320, 330, 319, 733, 738]
182443	2	60	[77B, 777, 757, 320, 330, 319, 333, 321]
182445	1	70	[77B, 777, 757, 320, EM4, 330, 319, 733, 738, 333, 321]
182446	0	80	[77B, 777, 757, 320, 330, 319, 321]
182453	2	60	[77B, 777, 757, 320, 319, 330, 321, 333]
182455	1	70	[77B, 777, 757, 320, 330, 319, 321, 333]
182457	1	70	[77B, 777, 757, 320, 330, 319, 321]
182458	1	70	[77B, 777, 757, 320, 330, 319, 321, 333]
182460	4	50	[77B, 777, 757, 320, 330, 319, 321, 333]
182463	3	50	[77B, 777, 757, 320, 319, 330, 321, 333]
182464	3	50	[77B, 777, 757, 320, 330, 319, 333]
182465	1	70	[77B, 777, 757, 320, 319, 330, 733, 735, 73G, 738, 321, 333]
182468	0	80	[EM4, 77B, 777, 757, 320, 330, 319, 333, 321]
182469	0	80	[77B, 777, 757, 320, 330, 319, 321, 333]
182471	0	80	[77B, 777, 757, 320, 330, 319, 321, 333]
182472	3	50	[77B, 777, 757, 320, 330, 319, 333, 321]
182473	0	80	[77B, 777, 757, 320, 319, 330]
182476	0	80	[77B, 777, 757, 320, 330, 319]
182478	0	80	[77B, 777, 757, 320, 330, 319, 321]
182482	0	80	[77B, 777, 757, 320, 330, 319, 321, 333]
182484	0	80	[77B, 777, 757, 320, 330, 319]
182485	0	80	[77B, 777, 757, 320, 330, 319, 321, 333]
182488	0	80	[77B, 777, 757, 320, 330, 319, 333, 321]
182490	0	80	[333, 77B, 777, 321, 757, 320, 330, 319]
182491	0	80	[77B, 777, 757, 320, 330, 319]
182492	0	80	[330, 77B, 777, 757, 320, 319, 330]
182493	1	70	[77B, 777, 757, 320, 319, 330]
182495	0	80	[77B, 777, 757, 320, 319, 330]
182496	0	80	[77B, 777, 757, 320, 330, 319, 333]
182497	2	60	[77B, 777, 757, 320, 330, 319, 321, 333]
182498	2	60	[77B, 777, 757, 320, 319]
182500	1	70	[77B, 777, 757, 320, 330, 319]
182505	1	70	[77B, 777, 757, 320, 319, 330, 321, 333]
182507	1	70	[77B, 777, 757, 320, 330, 319, 333, 321]
182512	1	70	[77B, 777, 757, 320, 330, 319, 733, 738]
182514	1	70	[77B, 777, 757, 320, 330, 319, 321, 333]
182515	1	70	[77B, 777, 757, 320, 330, 319]
182516	1	70	[733, 738, 77B, 777, 757, 320, 319, 330, 321]
182520	1	70	[77B, 777, 757, 320, 330, 319, 321]
182522	1	70	[77B, 777, 757, 320, 330, 319, 733, 738, 321]
182524	0	80	[77B, 777, 757, 320, 321, 330, 319, 333]
182525	1	70	[77B, 777, 757, 320, 330, 319]
182526	3	50	[77B, 777, 757, 320, 319, 321]
182527	1	70	[EM4, 77B, 777, 757, 320, 321, 330, 319]
182528	2	60	[333, 77B, 777, 757, 320, 330, 319]
182529	3	50	[77B, 777, 757, 320, 330, 319, 321]
182530	2	60	[77B, 777, 757, 320, 319, 330, 321]
182531	1	70	[77B, 777, 757, 320, 330, 319]
182533	1	70	[77B, 777, 757, 320, 319, 330]
182535	1	70	[77B, 777, 757, 320, 319, 321]
182536	3	50	[777, 77B, 757, 320, 330, 319]
182537	0	80	[77B, 777, 757, 320, 330, 319, 733, 735, 73G, 738, 321, 333]
182539	3	50	[77B, 777, 757, 320, 330, 319, 321, 333]
182540	3	50	[77B, 777, 757, 320, 321]
182541	3	50	[77B, 777, 757, 320, 330, 319]
182542	1	70	[77B, 777, 757, 320, 733, 738, 319, 321]
182543	1	70	[77B, 777, 757, 320, 319, 321]
182545	2	60	[77B, 777, 757, 320, 330, 319, 321, 333]
182546	1	70	[EM4, 77B, 777, 757, 320, 330, 319, 321]
182548	1	70	[77B, 777, 757, 320, 330, 319, 321]
182549	2	60	[77B, 777, 757, 320, 330, 319, 321]
182550	3	50	[EM4, 77B, 777, 757, 320, 319, 321]
182552	1	70	[77B, 777, 757, 320, 319, 330, 738, 733, 321]
182554	0	80	[77B, 777, 757, 320, 330, 319, 333, 321]
182555	0	80	[EM4, 77B, 777, 757, 320, 330, 319, 333, 321]
182557	0	80	[333, 319, 77B, 777, 757, 320, 330, 321]
182558	0	80	[77B, 777, 757, 320, 330, 319, 321]
182559	0	80	[77B, 777, 757, 320, 319, 330, 321]
182560	1	70	[77B, 777, 757, 320, 319, 330, 733, 738, 321]
182562	1	70	[77B, 777, 757, 320, 330, 319, 321, 333]
182563	1	70	[77B, 777, 757, 320, 330, 319, 333, 321]
182564	3	50	[77B, 777, 757, 320, 319, 330, 321, 333]
182565	1	70	[77B, 777, 757, 320, 330, 319, 321]
182566	1	70	[77B, 777, 757, 320, 330, 319, 321, 333]
182567	0	80	[77B, 777, 757, 320, 330, 319, 321, 333]
182568	0	80	[77B, 777, 757, 320, 330, 319]
182571	0	80	[77B, 777, 757, 320, 330, 319, 321]
182574	1	70	[77B, 777, 757, 320, 330, 319, 321]
182575	0	80	[77B, 777, 757, 320, 330, 319, 321]
182577	1	70	[77B, 777, 757, 320, 330, 319, 321, 333]
182578	1	70	[77B, 777, 757, 320, 321, 330, 319]
182580	1	70	[77B, 777, 757, 320, 330, 319]
182581	0	80	[77B, 777, 757, 320, 330, 319, 321, 333]
182582	0	80	[77B, 777, 757, 320, 330, 319, 321, 333]
182583	1	70	[EM4, 77B, 777, 757, 320, 330, 319]
182584	2	60	[77B, 777, 757, 320, 330, 319, 321, 333]
182585	0	80	[77B, 777, 757, 320, 330, 319, 321, 333]
182586	1	70	[77B, 777, 757, 320, 330, 319]
182588	1	70	[77B, 777, 757, 320, 319, 330, 333, 321]
182591	0	80	[77B, 777, 757, 320, 330, 319, 321]
182596	2	60	[77B, 777, 757, 320, 319, 330, 321, 333]
182597	1	70	[77B, 777, 757, 320, 330, 319, 321, 333]
182599	0	80	[77B, 777, 757, 320, 330, 319, 333, 321]
182602	1	70	[77B, 777, 757, 320, EM4, 330, 319, 321]
182603	2	60	[77B, 777, 757, 320, 330, 319, 321]
182604	1	70	[77B, 777, 757, 320, EM4, 330, 319, 321]
182605	3	50	[77B, 777, 757, 320, EM4, 330, 321, 319, 333]
182606	0	80	[77B, 777, 757, 320, 319, 330]
182608	2	60	[77B, 777, 757, 320, 330, 319, 321]
182609	0	80	[77B, 777, 757, 320, 330, 319, 333, 321]
182611	1	70	[77B, 777, 757, 320, 319, 330, 321]
182612	1	70	[77B, 777, 757, 320, 330, 319]
182615	1	70	[77B, 777, 757, 320, 319, 330]
182616	1	70	[77B, 777, 757, 320, 321, 330, 319, 333]
182617	1	70	[77B, 777, 757, 320, 319, 330]
182620	2	60	[77B, 777, 757, 320, 319, 330, 321, 333]
182621	1	70	[77B, 777, 757, 320, 330, 319, 733, 738, 321]
182623	1	70	[77B, 777, 757, 321, 320, 330, 319, 733, 738, 333]
182626	2	60	[77B, 777, 757, 320, 319, 330, 321, 333]
182627	1	70	[77B, 777, 757, 320, 330, 319]
182628	1	70	[77B, 777, 757, 320, 330, 319]
182629	2	60	[77B, 777, 757, 320, 330, 319, 321]
182630	2	60	[77B, 777, 757, 320, 330, 319, 333]
182631	1	70	[77B, 777, 757, 320, 319, 330, 321, 333]
182634	2	60	[333, 77B, 777, 757, 320, 330, 319, 321]
182635	1	70	[77B, 777, 757, 320, 330, 319]
182637	2	60	[77B, 777, 757, 320, 319, 330, 333, 321]
182638	1	70	[77B, 777, 757, 320, 319, 330, 333, 321]
182640	2	60	[77B, 777, 757, 320, 330, 319, 333, 321]
182646	0	80	[77B, 777, 757, 320, 330, 319, 321, 333]
182647	0	80	[77B, 777, 757, 320, 330, 319, 321]
182649	0	80	[77B, 777, 757, 320, 319, 321]
182650	0	80	[77B, 777, 757, 320, 330, 319, 321, 333]
182651	2	60	[77B, 777, 757, 320, 319, 330, 333]
182654	1	70	[77B, 777, 757, 320, 319, 330, 333, 321]
182656	0	80	[77B, 777, 757, 320, 330, 319, 321, 333]
182657	0	80	[77B, 777, 757, 320, 330, 319, 321]
182659	0	80	[77B, 777, 757, 320, 330, 319]
182660	0	80	[77B, 777, 757, 320, 330, 319, 333, 321]
182661	0	80	[77B, 777, 757, 320, 330, 319, 321]
182662	0	80	[77B, 777, 757, 320, 330, 319, 321]
182663	2	60	[77B, 777, 757, 320, 330, 319, 321]
182664	1	70	[77B, 777, 757, 320, 330, 319, 333, 321]
182666	0	80	[77B, 777, 757, 320, 319, 330]
182667	3	50	[77B, 777, 757, 320, 319, 330]
182670	1	70	[77B, 777, 757, 320, EM4, 330, 319, 733, 735, 73G, 738, 321]
182673	1	70	[77B, 777, 757, 320, 330, 319, 321]
182675	0	80	[77B, 777, 757, 320, 319, 330, 321, 333]
182676	1	70	[77B, 777, 757, 320, 321, 330, 319]
182677	2	60	[77B, 777, 757, 320, 330, 319, 733, 738, 321, 333]
182681	2	60	[77B, 777, 757, 320, 330, 319, 321]
182682	1	70	[77B, 777, 757, 320, 330, 319, 321]
182683	1	70	[77B, 777, 757, 320, 330, 319, 321]
182686	1	70	[77B, 777, 757, 320, EM4, 319, 330, 733, 738, 321]
182687	1	70	[77B, 777, 757, 320, 319]
182688	0	80	[77B, 777, 757, 320, 330, 319, EM4]
182690	2	60	[77B, 777, 757, 320, 321, 319, 330]
182691	0	80	[77B, 777, 757, 320, 330, 319, 321]
182692	1	70	[77B, 777, 757, 320, 330, 319]
182693	1	70	[77B, 777, 757, 320, EM4, 319, 330, 321]
182696	1	70	[EM4, 77B, 777, 757, 320, 330, 319]
182697	1	70	[77B, 777, 757, 320, 330, 319, 321]
182699	3	50	[333, 77B, 777, 321, 757, 320, 319, 330]
182700	2	60	[77B, 777, 757, 320, 330, 319, 321, 333]
182703	1	70	[77B, 777, 757, 320, EM4, 330, 319, 333, 321]
182704	1	70	[77B, 777, 757, 320, 330, 319, 333, 321]
182705	0	80	[77B, 777, 757, 320, 330, 319, 321, 333]
182710	1	70	[77B, 777, 757, 320, 330, 319, 733, 738]
182713	1	70	[77B, 777, 757, 320, 330, 319]
182716	2	60	[77B, 777, 757, 320, 330, 319, 321, 333]
182717	1	70	[77B, 777, 757, 320, 330, 319, 333, 321]
182721	2	60	[77B, 777, 757, 320, 330, 319]
182722	1	70	[77B, 777, 757, 320, 321, 319]
182724	2	60	[77B, 777, 757, 320, 330, 319, 333, 321]
182725	2	60	[77B, 777, 757, 320, 319, 321]
182727	4	50	[EM4, 77B, 777, 757, 320, 330, 319, 321]
182729	4	50	[77B, 777, 757, 320, EM4, 319, 330, 333, 321]
182731	0	80	[77B, 777, 757, 320, 330, 319]
182733	4	50	[77B, 777, 757, 320, 330, 319, 321]
182734	0	80	[77B, 777, 757, 320, 330, 319]
182735	0	80	[77B, 777, 757, 320, 330, 319]
182738	4	50	[77B, 777, 757, 320, 330, 319]
182739	1	70	[77B, 777, 757, 320, 330, 319]
182742	1	70	[EM4, 319, 77B, 777, 757, 320, 330]
182743	4	50	[77B, 777, 757, 320, 330, 319, 321]
182746	1	70	[77B, 777, 757, 320, 330, 319, 321]
182747	4	50	[333, 77B, 777, 757, 320, 330, 319, 321]
182749	0	80	[77B, 777, 757, 320, 330, 319, 73G, 738]
182753	1	70	[77B, 777, 757, 320, 330, 319]
182756	4	50	[333, 77B, 777, 757, 320, EM4, 330, 319, 321]
182757	4	50	[77B, 777, 757, 320, 330, 319]
182759	4	50	[77B, 777, 757, 320, 330, 319, 321]
182760	1	70	[77B, 777, 757, 320, EM4, 330, 319, 321, 333]
182761	4	50	[77B, 777, 757, 320, 321, 330, 319, 333]
182763	1	70	[77B, 777, 757, 320, 330, 319, 321, 333]
182764	1	70	[77B, 777, 757, 320, 330, 319, 333, 321]
182765	1	70	[77B, 777, 757, 320, EM4, 330, 319, 333, 321]
182767	1	70	[77B, 777, 757, 320, EM4, 319, 330, 321, 333]
182768	4	50	[77B, 777, 757, 320, 330, 319, 321]
182770	4	50	[77B, 777, 757, 320, EM4, 330, 319, 333, 321]
182771	1	70	[320, 77B, 777, 757, 330, 319]
182774	4	50	[77B, 777, 757, 320, EM4, 330, 319, 333, 321]
182775	1	70	[77B, 777, 757, 320, 330, 319, EM4]
182776	1	70	[77B, 777, 757, 320, 330, 319, 333, 321]
182777	4	50	[77B, 777, 757, 320, 330, 319, 321, 333]
182778	4	50	[77B, 777, 757, 320, 330, 319, 321, 333]
182779	4	50	[333, 77B, 777, 757, 320, EM4, 330, 319, 321]
182780	4	50	[77B, 777, 757, 320, 321, EM4, 330, 319]
182781	4	50	[77B, 777, 757, 320, 330, EM4, 319]
182782	4	50	[77B, 777, 757, 320, 319, 330, 321]
182784	4	50	[77B, 777, 757, 320, 330, 319, 321]
182785	4	50	[77B, 777, 757, 320, 319, 330, 321, 333]
182786	1	70	[77B, 777, 757, 320, 330, 319, 321]
182787	4	50	[77B, 777, 757, 320, 330, 319, 333, 321]
182788	4	50	[77B, 777, 757, 320, 330, 319, 321, 333]
182790	4	50	[77B, 777, 757, 320, 330, 319, 321]
182791	4	50	[77B, 777, 757, 320, 319, 330, 321]
182793	1	70	[77B, 777, 757, 320, EM4, 319, 330]
182795	3	50	[77B, 777, 757, 320, 330, 319, 333]
182796	1	70	[EM4, 77B, 777, 757, 320, 330, 319]
182797	4	50	[77B, 777, 757, 320, 330, 319, 321, 333]
182799	4	50	[77B, 777, 757, 320, 330, 319, 321]
182800	4	50	[77B, 777, 757, 320, 330, 319, 321]
182801	4	50	[77B, 777, 757, 320, 330, 321, 319]
182802	4	50	[77B, 777, 757, 320, 321, 330, 319]
182804	4	50	[77B, 777, 757, 320, 330, 319, 321, 333]
182806	1	70	[321, 77B, 777, 757, 320, 330, 319, 333]
182807	1	70	[77B, 777, 757, 320, 330, 319, 321, 333]
182809	4	50	[77B, 777, 757, 320, 321, 319, 330, 333]
182811	4	50	[77B, 777, 757, 320, 330, 319, 333, 321]
182813	4	50	[77B, 777, 757, 321, 320, 330, 319]
182814	4	50	[77B, 777, 757, 320, 330, 319]
182815	4	50	[77B, 777, 757, 320, 330, 319, 321]
182816	4	50	[77B, 777, 757, 320, 330, 319, 321, 333]
182817	4	50	[77B, 777, 757, 320, 330, 319, 333, 321]
182819	4	50	[77B, 777, 757, 320, 319, 330, 321]
182821	0	80	[77B, 777, 757, 320, 330, 319, 321]
182822	1	70	[77B, 777, 757, 320, 330, 319]
182823	0	80	[77B, 777, 757, 320, 330, 319, 319, 73G, EM4, 333]
182824	4	50	[77B, 777, 757, 320, 330, 319, 321, 333]
182825	4	50	[77B, 777, 757, 320, 319, 330, 321, 333]
182826	0	80	[77B, 777, 757, 320, 330, 319, 333, 321]
182828	4	50	[77B, 777, 757, 320, 330, 319, 321]
182830	4	50	[77B, 777, 757, 320, 330, 319, 321, 333]
182831	0	80	[77B, 777, 757, 320, 330, 319, 333, 321]
182832	4	50	[77B, 777, 757, 320, 330, 319, 321, 333]
182833	2	60	[77B, 777, 757, 320, 330, 319, 321]
182835	4	50	[77B, 777, 757, 320, 330, 319, 321, 333]
182836	1	70	[77B, 777, 757, 320, EM4, 330, 321, 319, 333]
182837	4	50	[77B, 777, 757, 320, 330, 319, 333, 321]
182840	4	50	[77B, 777, 757, 320, 330, 319]
182841	4	50	[77B, 777, 757, 320, 330, 319, 333, 321]
182842	4	50	[77B, 777, 757, 320, 321, 330, 319, 333]
182843	4	50	[77B, 777, 757, 320, 330, 319, 321]
182846	1	70	[EM4, 77B, 777, 757, 320, 330, 319, 333, 321]
182848	1	70	[77B, 777, 757, 320, 330, 319]
182849	1	70	[77B, 777, 757, 320, 330, 319, 333]
182851	4	50	[77B, 777, 321, 757, 320, EM4, 330, 319]
182852	0	80	[EM4, 77B, 777, 757, 320, 330, 319, 333]
182853	4	50	[757, 777, 77B, 320, 330, 319, 333, 321]
182855	4	50	[77B, 777, 757, 320, 319, 330, 321, 333]
182856	4	50	[77B, 777, 757, 320, 330, 319]
182857	4	50	[77B, 777, 321, 757, 320, 330, 319, 333]
182858	4	50	[77B, 777, 757, 320, 319, 330, 321, 333]
182859	4	50	[EM4, 77B, 777, 757, 320, 330, 319, 321]
182860	4	50	[77B, 777, 757, 320, 321, 319, 330]
182861	4	50	[77B, 777, 757, 320, 330, 319, 321, 333]
182863	1	70	[77B, 777, 757, 320, 330, 319, 321, 333]
