0	4	10	330	400	2	13
0	4	10	335	405	2	13
0	4	10	340	410	2	13
0	4	10	345	415	2	13
0	4	10	350	420	2	13
0	4	10	355	425	2	13
0	4	10	360	430	2	13
0	4	10	365	435	2	13
0	4	10	370	440	2	13
0	4	10	375	445	2	13
0	4	10	380	450	2	13
0	4	10	385	455	2	13
0	4	10	390	460	2	13
0	4	10	395	465	2	13
0	4	10	400	470	2	13
0	4	10	405	475	2	13
0	4	10	410	480	2	13
0	4	10	415	485	2	13
0	4	10	420	490	2	13
0	4	10	425	495	2	13
0	4	10	430	500	2	13
0	4	10	435	505	2	13
0	4	10	440	510	2	13
0	4	10	445	515	2	13
0	4	10	450	520	2	13
1	4	10	335	410	0	0
1	4	10	340	415	0	0
1	4	10	345	420	0	0
1	4	10	350	425	0	0
1	4	10	355	430	0	0
1	4	10	360	435	0	0
1	4	10	365	440	0	0
1	4	10	370	445	0	0
1	4	10	375	450	0	0
1	4	10	380	455	0	0
1	4	10	385	460	0	0
1	4	10	390	465	0	0
1	4	10	395	470	0	0
1	4	10	400	475	0	0
1	4	10	405	480	0	0
1	4	10	410	485	0	0
1	4	10	415	490	0	0
1	4	10	420	495	0	0
1	4	10	425	500	0	0
1	4	10	430	505	0	0
1	4	10	435	510	0	0
1	4	10	440	515	0	0
1	4	10	445	520	0	0
1	4	10	450	525	0	0
1	4	10	455	530	0	0
2	9	4	335	400	0	5
2	9	4	340	405	0	5
2	9	4	345	410	0	5
2	9	4	350	415	0	5
2	9	4	355	420	0	5
2	9	4	360	425	0	5
2	9	4	365	430	0	5
2	9	4	370	435	0	5
2	9	4	375	440	0	5
2	9	4	380	445	0	5
2	9	4	385	450	0	5
2	9	4	390	455	0	5
2	9	4	395	460	0	5
2	9	4	400	465	0	5
2	9	4	405	470	0	5
2	9	4	410	475	0	5
2	9	4	415	480	0	5
2	9	4	420	485	0	5
2	9	4	425	490	0	5
2	9	4	430	495	0	5
2	9	4	435	500	0	5
2	9	4	440	505	0	5
2	9	4	445	510	0	5
2	9	4	450	515	0	5
2	9	4	455	520	0	5
3	13	10	340	420	1	6
3	13	10	345	425	1	6
3	13	10	350	430	1	6
3	13	10	355	435	1	6
3	13	10	360	440	1	6
3	13	10	365	445	1	6
3	13	10	370	450	1	6
3	13	10	375	455	1	6
3	13	10	380	460	1	6
3	13	10	385	465	1	6
3	13	10	390	470	1	6
3	13	10	395	475	1	6
3	13	10	400	480	1	6
3	13	10	405	485	1	6
3	13	10	410	490	1	6
3	13	10	415	495	1	6
3	13	10	420	500	1	6
3	13	10	425	505	1	6
3	13	10	430	510	1	6
3	13	10	435	515	1	6
3	13	10	440	520	1	6
3	13	10	445	525	1	6
3	13	10	450	530	1	6
3	13	10	455	535	1	6
3	13	10	460	540	1	6
4	10	13	350	420	1	7
4	10	13	355	425	1	7
4	10	13	360	430	1	7
4	10	13	365	435	1	7
4	10	13	370	440	1	7
4	10	13	375	445	1	7
4	10	13	380	450	1	7
4	10	13	385	455	1	7
4	10	13	390	460	1	7
4	10	13	395	465	1	7
4	10	13	400	470	1	7
4	10	13	405	475	1	7
4	10	13	410	480	1	7
4	10	13	415	485	1	7
4	10	13	420	490	1	7
4	10	13	425	495	1	7
4	10	13	430	500	1	7
4	10	13	435	505	1	7
4	10	13	440	510	1	7
4	10	13	445	515	1	7
4	10	13	450	520	1	7
4	10	13	455	525	1	7
4	10	13	460	530	1	7
4	10	13	465	535	1	7
4	10	13	470	540	1	7
5	7	10	355	455	0	1
5	7	10	360	460	0	1
5	7	10	365	465	0	1
5	7	10	370	470	0	1
5	7	10	375	475	0	1
5	7	10	380	480	0	1
5	7	10	385	485	0	1
5	7	10	390	490	0	1
5	7	10	395	495	0	1
5	7	10	400	500	0	1
5	7	10	405	505	0	1
5	7	10	410	510	0	1
5	7	10	415	515	0	1
5	7	10	420	520	0	1
5	7	10	425	525	0	1
5	7	10	430	530	0	1
5	7	10	435	535	0	1
5	7	10	440	540	0	1
5	7	10	445	545	0	1
5	7	10	450	550	0	1
5	7	10	455	555	0	1
5	7	10	460	560	0	1
5	7	10	465	565	0	1
5	7	10	470	570	0	1
5	7	10	475	575	0	1
6	4	10	355	450	0	2
6	4	10	360	455	0	2
6	4	10	365	460	0	2
6	4	10	370	465	0	2
6	4	10	375	470	0	2
6	4	10	380	475	0	2
6	4	10	385	480	0	2
6	4	10	390	485	0	2
6	4	10	395	490	0	2
6	4	10	400	495	0	2
6	4	10	405	500	0	2
6	4	10	410	505	0	2
6	4	10	415	510	0	2
6	4	10	420	515	0	2
6	4	10	425	520	0	2
6	4	10	430	525	0	2
6	4	10	435	530	0	2
6	4	10	440	535	0	2
6	4	10	445	540	0	2
6	4	10	450	545	0	2
6	4	10	455	550	0	2
6	4	10	460	555	0	2
6	4	10	465	560	0	2
6	4	10	470	565	0	2
6	4	10	475	570	0	2
7	10	4	365	440	0	3
7	10	4	370	445	0	3
7	10	4	375	450	0	3
7	10	4	380	455	0	3
7	10	4	385	460	0	3
7	10	4	390	465	0	3
7	10	4	395	470	0	3
7	10	4	400	475	0	3
7	10	4	405	480	0	3
7	10	4	410	485	0	3
7	10	4	415	490	0	3
7	10	4	420	495	0	3
7	10	4	425	500	0	3
7	10	4	430	505	0	3
7	10	4	435	510	0	3
7	10	4	440	515	0	3
7	10	4	445	520	0	3
7	10	4	450	525	0	3
7	10	4	455	530	0	3
7	10	4	460	535	0	3
7	10	4	465	540	0	3
7	10	4	470	545	0	3
7	10	4	475	550	0	3
7	10	4	480	555	0	3
7	10	4	485	560	0	3
8	10	12	395	455	0	4
8	10	12	400	460	0	4
8	10	12	405	465	0	4
8	10	12	410	470	0	4
8	10	12	415	475	0	4
8	10	12	420	480	0	4
8	10	12	425	485	0	4
8	10	12	430	490	0	4
8	10	12	435	495	0	4
8	10	12	440	500	0	4
8	10	12	445	505	0	4
8	10	12	450	510	0	4
8	10	12	455	515	0	4
8	10	12	460	520	0	4
8	10	12	465	525	0	4
8	10	12	470	530	0	4
8	10	12	475	535	0	4
8	10	12	480	540	0	4
8	10	12	485	545	0	4
8	10	12	490	550	0	4
8	10	12	495	555	0	4
8	10	12	500	560	0	4
8	10	12	505	565	0	4
8	10	12	510	570	0	4
8	10	12	515	575	0	4
9	13	10	400	480	1	9
9	13	10	405	485	1	9
9	13	10	410	490	1	9
9	13	10	415	495	1	9
9	13	10	420	500	1	9
9	13	10	425	505	1	9
9	13	10	430	510	1	9
9	13	10	435	515	1	9
9	13	10	440	520	1	9
9	13	10	445	525	1	9
9	13	10	450	530	1	9
9	13	10	455	535	1	9
9	13	10	460	540	1	9
9	13	10	465	545	1	9
9	13	10	470	550	1	9
9	13	10	475	555	1	9
9	13	10	480	560	1	9
9	13	10	485	565	1	9
9	13	10	490	570	1	9
9	13	10	495	575	1	9
9	13	10	500	580	1	9
9	13	10	505	585	1	9
9	13	10	510	590	1	9
9	13	10	515	595	1	9
9	13	10	520	600	1	9
10	10	13	410	480	1	8
10	10	13	415	485	1	8
10	10	13	420	490	1	8
10	10	13	425	495	1	8
10	10	13	430	500	1	8
10	10	13	435	505	1	8
10	10	13	440	510	1	8
10	10	13	445	515	1	8
10	10	13	450	520	1	8
10	10	13	455	525	1	8
10	10	13	460	530	1	8
10	10	13	465	535	1	8
10	10	13	470	540	1	8
10	10	13	475	545	1	8
10	10	13	480	550	1	8
10	10	13	485	555	1	8
10	10	13	490	560	1	8
10	10	13	495	565	1	8
10	10	13	500	570	1	8
10	10	13	505	575	1	8
10	10	13	510	580	1	8
10	10	13	515	585	1	8
10	10	13	520	590	1	8
10	10	13	525	595	1	8
10	10	13	530	600	1	8
11	7	10	450	530	2	14
11	7	10	455	535	2	14
11	7	10	460	540	2	14
11	7	10	465	545	2	14
11	7	10	470	550	2	14
11	7	10	475	555	2	14
11	7	10	480	560	2	14
11	7	10	485	565	2	14
11	7	10	490	570	2	14
11	7	10	495	575	2	14
11	7	10	500	580	2	14
11	7	10	505	585	2	14
11	7	10	510	590	2	14
11	7	10	515	595	2	14
11	7	10	520	600	2	14
11	7	10	525	605	2	14
11	7	10	530	610	2	14
11	7	10	535	615	2	14
11	7	10	540	620	2	14
11	7	10	545	625	2	14
11	7	10	550	630	2	14
11	7	10	555	635	2	14
11	7	10	560	640	2	14
11	7	10	565	645	2	14
11	7	10	570	650	2	14
12	13	10	460	540	1	7
12	13	10	465	545	1	7
12	13	10	470	550	1	7
12	13	10	475	555	1	7
12	13	10	480	560	1	7
12	13	10	485	565	1	7
12	13	10	490	570	1	7
12	13	10	495	575	1	7
12	13	10	500	580	1	7
12	13	10	505	585	1	7
12	13	10	510	590	1	7
12	13	10	515	595	1	7
12	13	10	520	600	1	7
12	13	10	525	605	1	7
12	13	10	530	610	1	7
12	13	10	535	615	1	7
12	13	10	540	620	1	7
12	13	10	545	625	1	7
12	13	10	550	630	1	7
12	13	10	555	635	1	7
12	13	10	560	640	1	7
12	13	10	565	645	1	7
12	13	10	570	650	1	7
12	13	10	575	655	1	7
12	13	10	580	660	1	7
13	10	13	470	540	1	6
13	10	13	475	545	1	6
13	10	13	480	550	1	6
13	10	13	485	555	1	6
13	10	13	490	560	1	6
13	10	13	495	565	1	6
13	10	13	500	570	1	6
13	10	13	505	575	1	6
13	10	13	510	580	1	6
13	10	13	515	585	1	6
13	10	13	520	590	1	6
13	10	13	525	595	1	6
13	10	13	530	600	1	6
13	10	13	535	605	1	6
13	10	13	540	610	1	6
13	10	13	545	615	1	6
13	10	13	550	620	1	6
13	10	13	555	625	1	6
13	10	13	560	630	1	6
13	10	13	565	635	1	6
13	10	13	570	640	1	6
13	10	13	575	645	1	6
13	10	13	580	650	1	6
13	10	13	585	655	1	6
13	10	13	590	660	1	6
14	4	6	485	555	0	3
14	4	6	490	560	0	3
14	4	6	495	565	0	3
14	4	6	500	570	0	3
14	4	6	505	575	0	3
14	4	6	510	580	0	3
14	4	6	515	585	0	3
14	4	6	520	590	0	3
14	4	6	525	595	0	3
14	4	6	530	600	0	3
14	4	6	535	605	0	3
14	4	6	540	610	0	3
14	4	6	545	615	0	3
14	4	6	550	620	0	3
14	4	6	555	625	0	3
14	4	6	560	630	0	3
14	4	6	565	635	0	3
14	4	6	570	640	0	3
14	4	6	575	645	0	3
14	4	6	580	650	0	3
14	4	6	585	655	0	3
14	4	6	590	660	0	3
14	4	6	595	665	0	3
14	4	6	600	670	0	3
14	4	6	605	675	0	3
15	4	9	485	550	0	5
15	4	9	490	555	0	5
15	4	9	495	560	0	5
15	4	9	500	565	0	5
15	4	9	505	570	0	5
15	4	9	510	575	0	5
15	4	9	515	580	0	5
15	4	9	520	585	0	5
15	4	9	525	590	0	5
15	4	9	530	595	0	5
15	4	9	535	600	0	5
15	4	9	540	605	0	5
15	4	9	545	610	0	5
15	4	9	550	615	0	5
15	4	9	555	620	0	5
15	4	9	560	625	0	5
15	4	9	565	630	0	5
15	4	9	570	635	0	5
15	4	9	575	640	0	5
15	4	9	580	645	0	5
15	4	9	585	650	0	5
15	4	9	590	655	0	5
15	4	9	595	660	0	5
15	4	9	600	665	0	5
15	4	9	605	670	0	5
16	10	1	490	560	0	0
16	10	1	495	565	0	0
16	10	1	500	570	0	0
16	10	1	505	575	0	0
16	10	1	510	580	0	0
16	10	1	515	585	0	0
16	10	1	520	590	0	0
16	10	1	525	595	0	0
16	10	1	530	600	0	0
16	10	1	535	605	0	0
16	10	1	540	610	0	0
16	10	1	545	615	0	0
16	10	1	550	620	0	0
16	10	1	555	625	0	0
16	10	1	560	630	0	0
16	10	1	565	635	0	0
16	10	1	570	640	0	0
16	10	1	575	645	0	0
16	10	1	580	650	0	0
16	10	1	585	655	0	0
16	10	1	590	660	0	0
16	10	1	595	665	0	0
16	10	1	600	670	0	0
16	10	1	605	675	0	0
16	10	1	610	680	0	0
17	13	10	490	570	1	10
17	13	10	495	575	1	10
17	13	10	500	580	1	10
17	13	10	505	585	1	10
17	13	10	510	590	1	10
17	13	10	515	595	1	10
17	13	10	520	600	1	10
17	13	10	525	605	1	10
17	13	10	530	610	1	10
17	13	10	535	615	1	10
17	13	10	540	620	1	10
17	13	10	545	625	1	10
17	13	10	550	630	1	10
17	13	10	555	635	1	10
17	13	10	560	640	1	10
17	13	10	565	645	1	10
17	13	10	570	650	1	10
17	13	10	575	655	1	10
17	13	10	580	660	1	10
17	13	10	585	665	1	10
17	13	10	590	670	1	10
17	13	10	595	675	1	10
17	13	10	600	680	1	10
17	13	10	605	685	1	10
17	13	10	610	690	1	10
18	12	10	490	550	2	11
18	12	10	495	555	2	11
18	12	10	500	560	2	11
18	12	10	505	565	2	11
18	12	10	510	570	2	11
18	12	10	515	575	2	11
18	12	10	520	580	2	11
18	12	10	525	585	2	11
18	12	10	530	590	2	11
18	12	10	535	595	2	11
18	12	10	540	600	2	11
18	12	10	545	605	2	11
18	12	10	550	610	2	11
18	12	10	555	615	2	11
18	12	10	560	620	2	11
18	12	10	565	625	2	11
18	12	10	570	630	2	11
18	12	10	575	635	2	11
18	12	10	580	640	2	11
18	12	10	585	645	2	11
18	12	10	590	650	2	11
18	12	10	595	655	2	11
18	12	10	600	660	2	11
18	12	10	605	665	2	11
18	12	10	610	670	2	11
19	10	5	490	585	2	12
19	10	5	495	590	2	12
19	10	5	500	595	2	12
19	10	5	505	600	2	12
19	10	5	510	605	2	12
19	10	5	515	610	2	12
19	10	5	520	615	2	12
19	10	5	525	620	2	12
19	10	5	530	625	2	12
19	10	5	535	630	2	12
19	10	5	540	635	2	12
19	10	5	545	640	2	12
19	10	5	550	645	2	12
19	10	5	555	650	2	12
19	10	5	560	655	2	12
19	10	5	565	660	2	12
19	10	5	570	665	2	12
19	10	5	575	670	2	12
19	10	5	580	675	2	12
19	10	5	585	680	2	12
19	10	5	590	685	2	12
19	10	5	595	690	2	12
19	10	5	600	695	2	12
19	10	5	605	700	2	12
19	10	5	610	705	2	12
20	10	6	495	555	2	13
20	10	6	500	560	2	13
20	10	6	505	565	2	13
20	10	6	510	570	2	13
20	10	6	515	575	2	13
20	10	6	520	580	2	13
20	10	6	525	585	2	13
20	10	6	530	590	2	13
20	10	6	535	595	2	13
20	10	6	540	600	2	13
20	10	6	545	605	2	13
20	10	6	550	610	2	13
20	10	6	555	615	2	13
20	10	6	560	620	2	13
20	10	6	565	625	2	13
20	10	6	570	630	2	13
20	10	6	575	635	2	13
20	10	6	580	640	2	13
20	10	6	585	645	2	13
20	10	6	590	650	2	13
20	10	6	595	655	2	13
20	10	6	600	660	2	13
20	10	6	605	665	2	13
20	10	6	610	670	2	13
20	10	6	615	675	2	13
21	10	0	505	605	0	1
21	10	0	510	610	0	1
21	10	0	515	615	0	1
21	10	0	520	620	0	1
21	10	0	525	625	0	1
21	10	0	530	630	0	1
21	10	0	535	635	0	1
21	10	0	540	640	0	1
21	10	0	545	645	0	1
21	10	0	550	650	0	1
21	10	0	555	655	0	1
21	10	0	560	660	0	1
21	10	0	565	665	0	1
21	10	0	570	670	0	1
21	10	0	575	675	0	1
21	10	0	580	680	0	1
21	10	0	585	685	0	1
21	10	0	590	690	0	1
21	10	0	595	695	0	1
21	10	0	600	700	0	1
21	10	0	605	705	0	1
21	10	0	610	710	0	1
21	10	0	615	715	0	1
21	10	0	620	720	0	1
21	10	0	625	725	0	1
22	10	2	510	605	0	2
22	10	2	515	610	0	2
22	10	2	520	615	0	2
22	10	2	525	620	0	2
22	10	2	530	625	0	2
22	10	2	535	630	0	2
22	10	2	540	635	0	2
22	10	2	545	640	0	2
22	10	2	550	645	0	2
22	10	2	555	650	0	2
22	10	2	560	655	0	2
22	10	2	565	660	0	2
22	10	2	570	665	0	2
22	10	2	575	670	0	2
22	10	2	580	675	0	2
22	10	2	585	680	0	2
22	10	2	590	685	0	2
22	10	2	595	690	0	2
22	10	2	600	695	0	2
22	10	2	605	700	0	2
22	10	2	610	705	0	2
22	10	2	615	710	0	2
22	10	2	620	715	0	2
22	10	2	625	720	0	2
22	10	2	630	725	0	2
23	13	10	520	600	1	8
23	13	10	525	605	1	8
23	13	10	530	610	1	8
23	13	10	535	615	1	8
23	13	10	540	620	1	8
23	13	10	545	625	1	8
23	13	10	550	630	1	8
23	13	10	555	635	1	8
23	13	10	560	640	1	8
23	13	10	565	645	1	8
23	13	10	570	650	1	8
23	13	10	575	655	1	8
23	13	10	580	660	1	8
23	13	10	585	665	1	8
23	13	10	590	670	1	8
23	13	10	595	675	1	8
23	13	10	600	680	1	8
23	13	10	605	685	1	8
23	13	10	610	690	1	8
23	13	10	615	695	1	8
23	13	10	620	700	1	8
23	13	10	625	705	1	8
23	13	10	630	710	1	8
23	13	10	635	715	1	8
23	13	10	640	720	1	8
24	10	13	530	600	1	9
24	10	13	535	605	1	9
24	10	13	540	610	1	9
24	10	13	545	615	1	9
24	10	13	550	620	1	9
24	10	13	555	625	1	9
24	10	13	560	630	1	9
24	10	13	565	635	1	9
24	10	13	570	640	1	9
24	10	13	575	645	1	9
24	10	13	580	650	1	9
24	10	13	585	655	1	9
24	10	13	590	660	1	9
24	10	13	595	665	1	9
24	10	13	600	670	1	9
24	10	13	605	675	1	9
24	10	13	610	680	1	9
24	10	13	615	685	1	9
24	10	13	620	690	1	9
24	10	13	625	695	1	9
24	10	13	630	700	1	9
24	10	13	635	705	1	9
24	10	13	640	710	1	9
24	10	13	645	715	1	9
24	10	13	650	720	1	9
25	12	4	575	645	0	4
25	12	4	580	650	0	4
25	12	4	585	655	0	4
25	12	4	590	660	0	4
25	12	4	595	665	0	4
25	12	4	600	670	0	4
25	12	4	605	675	0	4
25	12	4	610	680	0	4
25	12	4	615	685	0	4
25	12	4	620	690	0	4
25	12	4	625	695	0	4
25	12	4	630	700	0	4
25	12	4	635	705	0	4
25	12	4	640	710	0	4
25	12	4	645	715	0	4
25	12	4	650	720	0	4
25	12	4	655	725	0	4
25	12	4	660	730	0	4
25	12	4	665	735	0	4
25	12	4	670	740	0	4
25	12	4	675	745	0	4
25	12	4	680	750	0	4
25	12	4	685	755	0	4
25	12	4	690	760	0	4
25	12	4	695	765	0	4
26	10	7	575	650	2	14
26	10	7	580	655	2	14
26	10	7	585	660	2	14
26	10	7	590	665	2	14
26	10	7	595	670	2	14
26	10	7	600	675	2	14
26	10	7	605	680	2	14
26	10	7	610	685	2	14
26	10	7	615	690	2	14
26	10	7	620	695	2	14
26	10	7	625	700	2	14
26	10	7	630	705	2	14
26	10	7	635	710	2	14
26	10	7	640	715	2	14
26	10	7	645	720	2	14
26	10	7	650	725	2	14
26	10	7	655	730	2	14
26	10	7	660	735	2	14
26	10	7	665	740	2	14
26	10	7	670	745	2	14
26	10	7	675	750	2	14
26	10	7	680	755	2	14
26	10	7	685	760	2	14
26	10	7	690	765	2	14
26	10	7	695	770	2	14
27	13	10	580	660	1	6
27	13	10	585	665	1	6
27	13	10	590	670	1	6
27	13	10	595	675	1	6
27	13	10	600	680	1	6
27	13	10	605	685	1	6
27	13	10	610	690	1	6
27	13	10	615	695	1	6
27	13	10	620	700	1	6
27	13	10	625	705	1	6
27	13	10	630	710	1	6
27	13	10	635	715	1	6
27	13	10	640	720	1	6
27	13	10	645	725	1	6
27	13	10	650	730	1	6
27	13	10	655	735	1	6
27	13	10	660	740	1	6
27	13	10	665	745	1	6
27	13	10	670	750	1	6
27	13	10	675	755	1	6
27	13	10	680	760	1	6
27	13	10	685	765	1	6
27	13	10	690	770	1	6
27	13	10	695	775	1	6
27	13	10	700	780	1	6
28	10	13	590	660	1	7
28	10	13	595	665	1	7
28	10	13	600	670	1	7
28	10	13	605	675	1	7
28	10	13	610	680	1	7
28	10	13	615	685	1	7
28	10	13	620	690	1	7
28	10	13	625	695	1	7
28	10	13	630	700	1	7
28	10	13	635	705	1	7
28	10	13	640	710	1	7
28	10	13	645	715	1	7
28	10	13	650	720	1	7
28	10	13	655	725	1	7
28	10	13	660	730	1	7
28	10	13	665	735	1	7
28	10	13	670	740	1	7
28	10	13	675	745	1	7
28	10	13	680	750	1	7
28	10	13	685	755	1	7
28	10	13	690	760	1	7
28	10	13	695	765	1	7
28	10	13	700	770	1	7
28	10	13	705	775	1	7
28	10	13	710	780	1	7
29	6	4	595	670	0	3
29	6	4	600	675	0	3
29	6	4	605	680	0	3
29	6	4	610	685	0	3
29	6	4	615	690	0	3
29	6	4	620	695	0	3
29	6	4	625	700	0	3
29	6	4	630	705	0	3
29	6	4	635	710	0	3
29	6	4	640	715	0	3
29	6	4	645	720	0	3
29	6	4	650	725	0	3
29	6	4	655	730	0	3
29	6	4	660	735	0	3
29	6	4	665	740	0	3
29	6	4	670	745	0	3
29	6	4	675	750	0	3
29	6	4	680	755	0	3
29	6	4	685	760	0	3
29	6	4	690	765	0	3
29	6	4	695	770	0	3
29	6	4	700	775	0	3
29	6	4	705	780	0	3
29	6	4	710	785	0	3
29	6	4	715	790	0	3
30	9	4	600	665	0	5
30	9	4	605	670	0	5
30	9	4	610	675	0	5
30	9	4	615	680	0	5
30	9	4	620	685	0	5
30	9	4	625	690	0	5
30	9	4	630	695	0	5
30	9	4	635	700	0	5
30	9	4	640	705	0	5
30	9	4	645	710	0	5
30	9	4	650	715	0	5
30	9	4	655	720	0	5
30	9	4	660	725	0	5
30	9	4	665	730	0	5
30	9	4	670	735	0	5
30	9	4	675	740	0	5
30	9	4	680	745	0	5
30	9	4	685	750	0	5
30	9	4	690	755	0	5
30	9	4	695	760	0	5
30	9	4	700	765	0	5
30	9	4	705	770	0	5
30	9	4	710	775	0	5
30	9	4	715	780	0	5
30	9	4	720	785	0	5
31	1	10	605	680	0	0
31	1	10	610	685	0	0
31	1	10	615	690	0	0
31	1	10	620	695	0	0
31	1	10	625	700	0	0
31	1	10	630	705	0	0
31	1	10	635	710	0	0
31	1	10	640	715	0	0
31	1	10	645	720	0	0
31	1	10	650	725	0	0
31	1	10	655	730	0	0
31	1	10	660	735	0	0
31	1	10	665	740	0	0
31	1	10	670	745	0	0
31	1	10	675	750	0	0
31	1	10	680	755	0	0
31	1	10	685	760	0	0
31	1	10	690	765	0	0
31	1	10	695	770	0	0
31	1	10	700	775	0	0
31	1	10	705	780	0	0
31	1	10	710	785	0	0
31	1	10	715	790	0	0
31	1	10	720	795	0	0
31	1	10	725	800	0	0
32	6	10	605	675	2	13
32	6	10	610	680	2	13
32	6	10	615	685	2	13
32	6	10	620	690	2	13
32	6	10	625	695	2	13
32	6	10	630	700	2	13
32	6	10	635	705	2	13
32	6	10	640	710	2	13
32	6	10	645	715	2	13
32	6	10	650	720	2	13
32	6	10	655	725	2	13
32	6	10	660	730	2	13
32	6	10	665	735	2	13
32	6	10	670	740	2	13
32	6	10	675	745	2	13
32	6	10	680	750	2	13
32	6	10	685	755	2	13
32	6	10	690	760	2	13
32	6	10	695	765	2	13
32	6	10	700	770	2	13
32	6	10	705	775	2	13
32	6	10	710	780	2	13
32	6	10	715	785	2	13
32	6	10	720	790	2	13
32	6	10	725	795	2	13
33	10	12	625	685	2	11
33	10	12	630	690	2	11
33	10	12	635	695	2	11
33	10	12	640	700	2	11
33	10	12	645	705	2	11
33	10	12	650	710	2	11
33	10	12	655	715	2	11
33	10	12	660	720	2	11
33	10	12	665	725	2	11
33	10	12	670	730	2	11
33	10	12	675	735	2	11
33	10	12	680	740	2	11
33	10	12	685	745	2	11
33	10	12	690	750	2	11
33	10	12	695	755	2	11
33	10	12	700	760	2	11
33	10	12	705	765	2	11
33	10	12	710	770	2	11
33	10	12	715	775	2	11
33	10	12	720	780	2	11
33	10	12	725	785	2	11
33	10	12	730	790	2	11
33	10	12	735	795	2	11
33	10	12	740	800	2	11
33	10	12	745	805	2	11
34	13	10	640	720	1	9
34	13	10	645	725	1	9
34	13	10	650	730	1	9
34	13	10	655	735	1	9
34	13	10	660	740	1	9
34	13	10	665	745	1	9
34	13	10	670	750	1	9
34	13	10	675	755	1	9
34	13	10	680	760	1	9
34	13	10	685	765	1	9
34	13	10	690	770	1	9
34	13	10	695	775	1	9
34	13	10	700	780	1	9
34	13	10	705	785	1	9
34	13	10	710	790	1	9
34	13	10	715	795	1	9
34	13	10	720	800	1	9
34	13	10	725	805	1	9
34	13	10	730	810	1	9
34	13	10	735	815	1	9
34	13	10	740	820	1	9
34	13	10	745	825	1	9
34	13	10	750	830	1	9
34	13	10	755	835	1	9
34	13	10	760	840	1	9
35	10	3	645	720	1	10
35	10	3	650	725	1	10
35	10	3	655	730	1	10
35	10	3	660	735	1	10
35	10	3	665	740	1	10
35	10	3	670	745	1	10
35	10	3	675	750	1	10
35	10	3	680	755	1	10
35	10	3	685	760	1	10
35	10	3	690	765	1	10
35	10	3	695	770	1	10
35	10	3	700	775	1	10
35	10	3	705	780	1	10
35	10	3	710	785	1	10
35	10	3	715	790	1	10
35	10	3	720	795	1	10
35	10	3	725	800	1	10
35	10	3	730	805	1	10
35	10	3	735	810	1	10
35	10	3	740	815	1	10
35	10	3	745	820	1	10
35	10	3	750	825	1	10
35	10	3	755	830	1	10
35	10	3	760	835	1	10
35	10	3	765	840	1	10
36	5	10	645	735	2	12
36	5	10	650	740	2	12
36	5	10	655	745	2	12
36	5	10	660	750	2	12
36	5	10	665	755	2	12
36	5	10	670	760	2	12
36	5	10	675	765	2	12
36	5	10	680	770	2	12
36	5	10	685	775	2	12
36	5	10	690	780	2	12
36	5	10	695	785	2	12
36	5	10	700	790	2	12
36	5	10	705	795	2	12
36	5	10	710	800	2	12
36	5	10	715	805	2	12
36	5	10	720	810	2	12
36	5	10	725	815	2	12
36	5	10	730	820	2	12
36	5	10	735	825	2	12
36	5	10	740	830	2	12
36	5	10	745	835	2	12
36	5	10	750	840	2	12
36	5	10	755	845	2	12
36	5	10	760	850	2	12
36	5	10	765	855	2	12
37	10	13	650	720	1	8
37	10	13	655	725	1	8
37	10	13	660	730	1	8
37	10	13	665	735	1	8
37	10	13	670	740	1	8
37	10	13	675	745	1	8
37	10	13	680	750	1	8
37	10	13	685	755	1	8
37	10	13	690	760	1	8
37	10	13	695	765	1	8
37	10	13	700	770	1	8
37	10	13	705	775	1	8
37	10	13	710	780	1	8
37	10	13	715	785	1	8
37	10	13	720	790	1	8
37	10	13	725	795	1	8
37	10	13	730	800	1	8
37	10	13	735	805	1	8
37	10	13	740	810	1	8
37	10	13	745	815	1	8
37	10	13	750	820	1	8
37	10	13	755	825	1	8
37	10	13	760	830	1	8
37	10	13	765	835	1	8
37	10	13	770	840	1	8
38	2	10	660	755	0	2
38	2	10	665	760	0	2
38	2	10	670	765	0	2
38	2	10	675	770	0	2
38	2	10	680	775	0	2
38	2	10	685	780	0	2
38	2	10	690	785	0	2
38	2	10	695	790	0	2
38	2	10	700	795	0	2
38	2	10	705	800	0	2
38	2	10	710	805	0	2
38	2	10	715	810	0	2
38	2	10	720	815	0	2
38	2	10	725	820	0	2
38	2	10	730	825	0	2
38	2	10	735	830	0	2
38	2	10	740	835	0	2
38	2	10	745	840	0	2
38	2	10	750	845	0	2
38	2	10	755	850	0	2
38	2	10	760	855	0	2
38	2	10	765	860	0	2
38	2	10	770	865	0	2
38	2	10	775	870	0	2
38	2	10	780	875	0	2
39	7	10	690	770	2	14
39	7	10	695	775	2	14
39	7	10	700	780	2	14
39	7	10	705	785	2	14
39	7	10	710	790	2	14
39	7	10	715	795	2	14
39	7	10	720	800	2	14
39	7	10	725	805	2	14
39	7	10	730	810	2	14
39	7	10	735	815	2	14
39	7	10	740	820	2	14
39	7	10	745	825	2	14
39	7	10	750	830	2	14
39	7	10	755	835	2	14
39	7	10	760	840	2	14
39	7	10	765	845	2	14
39	7	10	770	850	2	14
39	7	10	775	855	2	14
39	7	10	780	860	2	14
39	7	10	785	865	2	14
39	7	10	790	870	2	14
39	7	10	795	875	2	14
39	7	10	800	880	2	14
39	7	10	805	885	2	14
39	7	10	810	890	2	14
40	4	12	700	770	0	4
40	4	12	705	775	0	4
40	4	12	710	780	0	4
40	4	12	715	785	0	4
40	4	12	720	790	0	4
40	4	12	725	795	0	4
40	4	12	730	800	0	4
40	4	12	735	805	0	4
40	4	12	740	810	0	4
40	4	12	745	815	0	4
40	4	12	750	820	0	4
40	4	12	755	825	0	4
40	4	12	760	830	0	4
40	4	12	765	835	0	4
40	4	12	770	840	0	4
40	4	12	775	845	0	4
40	4	12	780	850	0	4
40	4	12	785	855	0	4
40	4	12	790	860	0	4
40	4	12	795	865	0	4
40	4	12	800	870	0	4
40	4	12	805	875	0	4
40	4	12	810	880	0	4
40	4	12	815	885	0	4
40	4	12	820	890	0	4
41	13	10	700	780	1	7
41	13	10	705	785	1	7
41	13	10	710	790	1	7
41	13	10	715	795	1	7
41	13	10	720	800	1	7
41	13	10	725	805	1	7
41	13	10	730	810	1	7
41	13	10	735	815	1	7
41	13	10	740	820	1	7
41	13	10	745	825	1	7
41	13	10	750	830	1	7
41	13	10	755	835	1	7
41	13	10	760	840	1	7
41	13	10	765	845	1	7
41	13	10	770	850	1	7
41	13	10	775	855	1	7
41	13	10	780	860	1	7
41	13	10	785	865	1	7
41	13	10	790	870	1	7
41	13	10	795	875	1	7
41	13	10	800	880	1	7
41	13	10	805	885	1	7
41	13	10	810	890	1	7
41	13	10	815	895	1	7
41	13	10	820	900	1	7
42	4	9	705	770	0	5
42	4	9	710	775	0	5
42	4	9	715	780	0	5
42	4	9	720	785	0	5
42	4	9	725	790	0	5
42	4	9	730	795	0	5
42	4	9	735	800	0	5
42	4	9	740	805	0	5
42	4	9	745	810	0	5
42	4	9	750	815	0	5
42	4	9	755	820	0	5
42	4	9	760	825	0	5
42	4	9	765	830	0	5
42	4	9	770	835	0	5
42	4	9	775	840	0	5
42	4	9	780	845	0	5
42	4	9	785	850	0	5
42	4	9	790	855	0	5
42	4	9	795	860	0	5
42	4	9	800	865	0	5
42	4	9	805	870	0	5
42	4	9	810	875	0	5
42	4	9	815	880	0	5
42	4	9	820	885	0	5
42	4	9	825	890	0	5
43	10	13	710	780	1	6
43	10	13	715	785	1	6
43	10	13	720	790	1	6
43	10	13	725	795	1	6
43	10	13	730	800	1	6
43	10	13	735	805	1	6
43	10	13	740	810	1	6
43	10	13	745	815	1	6
43	10	13	750	820	1	6
43	10	13	755	825	1	6
43	10	13	760	830	1	6
43	10	13	765	835	1	6
43	10	13	770	840	1	6
43	10	13	775	845	1	6
43	10	13	780	850	1	6
43	10	13	785	855	1	6
43	10	13	790	860	1	6
43	10	13	795	865	1	6
43	10	13	800	870	1	6
43	10	13	805	875	1	6
43	10	13	810	880	1	6
43	10	13	815	885	1	6
43	10	13	820	890	1	6
43	10	13	825	895	1	6
43	10	13	830	900	1	6
44	4	6	720	790	0	3
44	4	6	725	795	0	3
44	4	6	730	800	0	3
44	4	6	735	805	0	3
44	4	6	740	810	0	3
44	4	6	745	815	0	3
44	4	6	750	820	0	3
44	4	6	755	825	0	3
44	4	6	760	830	0	3
44	4	6	765	835	0	3
44	4	6	770	840	0	3
44	4	6	775	845	0	3
44	4	6	780	850	0	3
44	4	6	785	855	0	3
44	4	6	790	860	0	3
44	4	6	795	865	0	3
44	4	6	800	870	0	3
44	4	6	805	875	0	3
44	4	6	810	880	0	3
44	4	6	815	885	0	3
44	4	6	820	890	0	3
44	4	6	825	895	0	3
44	4	6	830	900	0	3
44	4	6	835	905	0	3
44	4	6	840	910	0	3
45	10	6	730	790	2	13
45	10	6	735	795	2	13
45	10	6	740	800	2	13
45	10	6	745	805	2	13
45	10	6	750	810	2	13
45	10	6	755	815	2	13
45	10	6	760	820	2	13
45	10	6	765	825	2	13
45	10	6	770	830	2	13
45	10	6	775	835	2	13
45	10	6	780	840	2	13
45	10	6	785	845	2	13
45	10	6	790	850	2	13
45	10	6	795	855	2	13
45	10	6	800	860	2	13
45	10	6	805	865	2	13
45	10	6	810	870	2	13
45	10	6	815	875	2	13
45	10	6	820	880	2	13
45	10	6	825	885	2	13
45	10	6	830	890	2	13
45	10	6	835	895	2	13
45	10	6	840	900	2	13
45	10	6	845	905	2	13
45	10	6	850	910	2	13
46	13	10	760	840	1	8
46	13	10	765	845	1	8
46	13	10	770	850	1	8
46	13	10	775	855	1	8
46	13	10	780	860	1	8
46	13	10	785	865	1	8
46	13	10	790	870	1	8
46	13	10	795	875	1	8
46	13	10	800	880	1	8
46	13	10	805	885	1	8
46	13	10	810	890	1	8
46	13	10	815	895	1	8
46	13	10	820	900	1	8
46	13	10	825	905	1	8
46	13	10	830	910	1	8
46	13	10	835	915	1	8
46	13	10	840	920	1	8
46	13	10	845	925	1	8
46	13	10	850	930	1	8
46	13	10	855	935	1	8
46	13	10	860	940	1	8
46	13	10	865	945	1	8
46	13	10	870	950	1	8
46	13	10	875	955	1	8
46	13	10	880	960	1	8
47	10	13	770	840	1	9
47	10	13	775	845	1	9
47	10	13	780	850	1	9
47	10	13	785	855	1	9
47	10	13	790	860	1	9
47	10	13	795	865	1	9
47	10	13	800	870	1	9
47	10	13	805	875	1	9
47	10	13	810	880	1	9
47	10	13	815	885	1	9
47	10	13	820	890	1	9
47	10	13	825	895	1	9
47	10	13	830	900	1	9
47	10	13	835	905	1	9
47	10	13	840	910	1	9
47	10	13	845	915	1	9
47	10	13	850	920	1	9
47	10	13	855	925	1	9
47	10	13	860	930	1	9
47	10	13	865	935	1	9
47	10	13	870	940	1	9
47	10	13	875	945	1	9
47	10	13	880	950	1	9
47	10	13	885	955	1	9
47	10	13	890	960	1	9
48	3	10	770	850	1	10
48	3	10	775	855	1	10
48	3	10	780	860	1	10
48	3	10	785	865	1	10
48	3	10	790	870	1	10
48	3	10	795	875	1	10
48	3	10	800	880	1	10
48	3	10	805	885	1	10
48	3	10	810	890	1	10
48	3	10	815	895	1	10
48	3	10	820	900	1	10
48	3	10	825	905	1	10
48	3	10	830	910	1	10
48	3	10	835	915	1	10
48	3	10	840	920	1	10
48	3	10	845	925	1	10
48	3	10	850	930	1	10
48	3	10	855	935	1	10
48	3	10	860	940	1	10
48	3	10	865	945	1	10
48	3	10	870	950	1	10
48	3	10	875	955	1	10
48	3	10	880	960	1	10
48	3	10	885	965	1	10
48	3	10	890	970	1	10
49	10	8	780	860	2	12
49	10	8	785	865	2	12
49	10	8	790	870	2	12
49	10	8	795	875	2	12
49	10	8	800	880	2	12
49	10	8	805	885	2	12
49	10	8	810	890	2	12
49	10	8	815	895	2	12
49	10	8	820	900	2	12
49	10	8	825	905	2	12
49	10	8	830	910	2	12
49	10	8	835	915	2	12
49	10	8	840	920	2	12
49	10	8	845	925	2	12
49	10	8	850	930	2	12
49	10	8	855	935	2	12
49	10	8	860	940	2	12
49	10	8	865	945	2	12
49	10	8	870	950	2	12
49	10	8	875	955	2	12
49	10	8	880	960	2	12
49	10	8	885	965	2	12
49	10	8	890	970	2	12
49	10	8	895	975	2	12
49	10	8	900	980	2	12
50	0	0	800	90	0	1
51	10	2	805	900	0	2
51	10	2	810	905	0	2
51	10	2	815	910	0	2
51	10	2	820	915	0	2
51	10	2	825	920	0	2
51	10	2	830	925	0	2
51	10	2	835	930	0	2
51	10	2	840	935	0	2
51	10	2	845	940	0	2
51	10	2	850	945	0	2
51	10	2	855	950	0	2
51	10	2	860	955	0	2
51	10	2	865	960	0	2
51	10	2	870	965	0	2
51	10	2	875	970	0	2
51	10	2	880	975	0	2
51	10	2	885	980	0	2
51	10	2	890	985	0	2
51	10	2	895	990	0	2
51	10	2	900	995	0	2
51	10	2	905	1000	0	2
51	10	2	910	1005	0	2
51	10	2	915	1010	0	2
51	10	2	920	1015	0	2
51	10	2	925	1020	0	2
52	9	4	815	880	0	5
52	9	4	820	885	0	5
52	9	4	825	890	0	5
52	9	4	830	895	0	5
52	9	4	835	900	0	5
52	9	4	840	905	0	5
52	9	4	845	910	0	5
52	9	4	850	915	0	5
52	9	4	855	920	0	5
52	9	4	860	925	0	5
52	9	4	865	930	0	5
52	9	4	870	935	0	5
52	9	4	875	940	0	5
52	9	4	880	945	0	5
52	9	4	885	950	0	5
52	9	4	890	955	0	5
52	9	4	895	960	0	5
52	9	4	900	965	0	5
52	9	4	905	970	0	5
52	9	4	910	975	0	5
52	9	4	915	980	0	5
52	9	4	920	985	0	5
52	9	4	925	990	0	5
52	9	4	930	995	0	5
52	9	4	935	1000	0	5
53	12	10	815	875	2	11
53	12	10	820	880	2	11
53	12	10	825	885	2	11
53	12	10	830	890	2	11
53	12	10	835	895	2	11
53	12	10	840	900	2	11
53	12	10	845	905	2	11
53	12	10	850	910	2	11
53	12	10	855	915	2	11
53	12	10	860	920	2	11
53	12	10	865	925	2	11
53	12	10	870	930	2	11
53	12	10	875	935	2	11
53	12	10	880	940	2	11
53	12	10	885	945	2	11
53	12	10	890	950	2	11
53	12	10	895	955	2	11
53	12	10	900	960	2	11
53	12	10	905	965	2	11
53	12	10	910	970	2	11
53	12	10	915	975	2	11
53	12	10	920	980	2	11
53	12	10	925	985	2	11
53	12	10	930	990	2	11
53	12	10	935	995	2	11
54	10	7	815	890	2	14
54	10	7	820	895	2	14
54	10	7	825	900	2	14
54	10	7	830	905	2	14
54	10	7	835	910	2	14
54	10	7	840	915	2	14
54	10	7	845	920	2	14
54	10	7	850	925	2	14
54	10	7	855	930	2	14
54	10	7	860	935	2	14
54	10	7	865	940	2	14
54	10	7	870	945	2	14
54	10	7	875	950	2	14
54	10	7	880	955	2	14
54	10	7	885	960	2	14
54	10	7	890	965	2	14
54	10	7	895	970	2	14
54	10	7	900	975	2	14
54	10	7	905	980	2	14
54	10	7	910	985	2	14
54	10	7	915	990	2	14
54	10	7	920	995	2	14
54	10	7	925	1000	2	14
54	10	7	930	1005	2	14
54	10	7	935	1010	2	14
55	13	10	820	900	1	6
55	13	10	825	905	1	6
55	13	10	830	910	1	6
55	13	10	835	915	1	6
55	13	10	840	920	1	6
55	13	10	845	925	1	6
55	13	10	850	930	1	6
55	13	10	855	935	1	6
55	13	10	860	940	1	6
55	13	10	865	945	1	6
55	13	10	870	950	1	6
55	13	10	875	955	1	6
55	13	10	880	960	1	6
55	13	10	885	965	1	6
55	13	10	890	970	1	6
55	13	10	895	975	1	6
55	13	10	900	980	1	6
55	13	10	905	985	1	6
55	13	10	910	990	1	6
55	13	10	915	995	1	6
55	13	10	920	1000	1	6
55	13	10	925	1005	1	6
55	13	10	930	1010	1	6
55	13	10	935	1015	1	6
55	13	10	940	1020	1	6
56	6	4	830	905	0	3
56	6	4	835	910	0	3
56	6	4	840	915	0	3
56	6	4	845	920	0	3
56	6	4	850	925	0	3
56	6	4	855	930	0	3
56	6	4	860	935	0	3
56	6	4	865	940	0	3
56	6	4	870	945	0	3
56	6	4	875	950	0	3
56	6	4	880	955	0	3
56	6	4	885	960	0	3
56	6	4	890	965	0	3
56	6	4	895	970	0	3
56	6	4	900	975	0	3
56	6	4	905	980	0	3
56	6	4	910	985	0	3
56	6	4	915	990	0	3
56	6	4	920	995	0	3
56	6	4	925	1000	0	3
56	6	4	930	1005	0	3
56	6	4	935	1010	0	3
56	6	4	940	1015	0	3
56	6	4	945	1020	0	3
56	6	4	950	1025	0	3
57	10	13	830	900	1	7
57	10	13	835	905	1	7
57	10	13	840	910	1	7
57	10	13	845	915	1	7
57	10	13	850	920	1	7
57	10	13	855	925	1	7
57	10	13	860	930	1	7
57	10	13	865	935	1	7
57	10	13	870	940	1	7
57	10	13	875	945	1	7
57	10	13	880	950	1	7
57	10	13	885	955	1	7
57	10	13	890	960	1	7
57	10	13	895	965	1	7
57	10	13	900	970	1	7
57	10	13	905	975	1	7
57	10	13	910	980	1	7
57	10	13	915	985	1	7
57	10	13	920	990	1	7
57	10	13	925	995	1	7
57	10	13	930	1000	1	7
57	10	13	935	1005	1	7
57	10	13	940	1010	1	7
57	10	13	945	1015	1	7
57	10	13	950	1020	1	7
58	6	10	835	905	2	13
58	6	10	840	910	2	13
58	6	10	845	915	2	13
58	6	10	850	920	2	13
58	6	10	855	925	2	13
58	6	10	860	930	2	13
58	6	10	865	935	2	13
58	6	10	870	940	2	13
58	6	10	875	945	2	13
58	6	10	880	950	2	13
58	6	10	885	955	2	13
58	6	10	890	960	2	13
58	6	10	895	965	2	13
58	6	10	900	970	2	13
58	6	10	905	975	2	13
58	6	10	910	980	2	13
58	6	10	915	985	2	13
58	6	10	920	990	2	13
58	6	10	925	995	2	13
58	6	10	930	1000	2	13
58	6	10	935	1005	2	13
58	6	10	940	1010	2	13
58	6	10	945	1015	2	13
58	6	10	950	1020	2	13
58	6	10	955	1025	2	13
59	12	4	850	920	0	4
59	12	4	855	925	0	4
59	12	4	860	930	0	4
59	12	4	865	935	0	4
59	12	4	870	940	0	4
59	12	4	875	945	0	4
59	12	4	880	950	0	4
59	12	4	885	955	0	4
59	12	4	890	960	0	4
59	12	4	895	965	0	4
59	12	4	900	970	0	4
59	12	4	905	975	0	4
59	12	4	910	980	0	4
59	12	4	915	985	0	4
59	12	4	920	990	0	4
59	12	4	925	995	0	4
59	12	4	930	1000	0	4
59	12	4	935	1005	0	4
59	12	4	940	1010	0	4
59	12	4	945	1015	0	4
59	12	4	950	1020	0	4
59	12	4	955	1025	0	4
59	12	4	960	1030	0	4
59	12	4	965	1035	0	4
59	12	4	970	1040	0	4
60	10	1	880	950	0	0
60	10	1	885	955	0	0
60	10	1	890	960	0	0
60	10	1	895	965	0	0
60	10	1	900	970	0	0
60	10	1	905	975	0	0
60	10	1	910	980	0	0
60	10	1	915	985	0	0
60	10	1	920	990	0	0
60	10	1	925	995	0	0
60	10	1	930	1000	0	0
60	10	1	935	1005	0	0
60	10	1	940	1010	0	0
60	10	1	945	1015	0	0
60	10	1	950	1020	0	0
60	10	1	955	1025	0	0
60	10	1	960	1030	0	0
60	10	1	965	1035	0	0
60	10	1	970	1040	0	0
60	10	1	975	1045	0	0
60	10	1	980	1050	0	0
60	10	1	985	1055	0	0
60	10	1	990	1060	0	0
60	10	1	995	1065	0	0
60	10	1	1000	1070	0	0
61	0	10	880	980	0	1
61	0	10	885	985	0	1
61	0	10	890	990	0	1
61	0	10	895	995	0	1
61	0	10	900	1000	0	1
61	0	10	905	1005	0	1
61	0	10	910	1010	0	1
61	0	10	915	1015	0	1
61	0	10	920	1020	0	1
61	0	10	925	1025	0	1
61	0	10	930	1030	0	1
61	0	10	935	1035	0	1
61	0	10	940	1040	0	1
61	0	10	945	1045	0	1
61	0	10	950	1050	0	1
61	0	10	955	1055	0	1
61	0	10	960	1060	0	1
61	0	10	965	1065	0	1
61	0	10	970	1070	0	1
61	0	10	975	1075	0	1
61	0	10	980	1080	0	1
61	0	10	985	1085	0	1
61	0	10	990	1090	0	1
61	0	10	995	1095	0	1
61	0	10	1000	1100	0	1
62	13	10	880	960	1	9
62	13	10	885	965	1	9
62	13	10	890	970	1	9
62	13	10	895	975	1	9
62	13	10	900	980	1	9
62	13	10	905	985	1	9
62	13	10	910	990	1	9
62	13	10	915	995	1	9
62	13	10	920	1000	1	9
62	13	10	925	1005	1	9
62	13	10	930	1010	1	9
62	13	10	935	1015	1	9
62	13	10	940	1020	1	9
62	13	10	945	1025	1	9
62	13	10	950	1030	1	9
62	13	10	955	1035	1	9
62	13	10	960	1040	1	9
62	13	10	965	1045	1	9
62	13	10	970	1050	1	9
62	13	10	975	1055	1	9
62	13	10	980	1060	1	9
62	13	10	985	1065	1	9
62	13	10	990	1070	1	9
62	13	10	995	1075	1	9
62	13	10	1000	1080	1	9
63	10	13	890	960	1	8
63	10	13	895	965	1	8
63	10	13	900	970	1	8
63	10	13	905	975	1	8
63	10	13	910	980	1	8
63	10	13	915	985	1	8
63	10	13	920	990	1	8
63	10	13	925	995	1	8
63	10	13	930	1000	1	8
63	10	13	935	1005	1	8
63	10	13	940	1010	1	8
63	10	13	945	1015	1	8
63	10	13	950	1020	1	8
63	10	13	955	1025	1	8
63	10	13	960	1030	1	8
63	10	13	965	1035	1	8
63	10	13	970	1040	1	8
63	10	13	975	1045	1	8
63	10	13	980	1050	1	8
63	10	13	985	1055	1	8
63	10	13	990	1060	1	8
63	10	13	995	1065	1	8
63	10	13	1000	1070	1	8
63	10	13	1005	1075	1	8
63	10	13	1010	1080	1	8
64	8	10	905	990	2	12
64	8	10	910	995	2	12
64	8	10	915	1000	2	12
64	8	10	920	1005	2	12
64	8	10	925	1010	2	12
64	8	10	930	1015	2	12
64	8	10	935	1020	2	12
64	8	10	940	1025	2	12
64	8	10	945	1030	2	12
64	8	10	950	1035	2	12
64	8	10	955	1040	2	12
64	8	10	960	1045	2	12
64	8	10	965	1050	2	12
64	8	10	970	1055	2	12
64	8	10	975	1060	2	12
64	8	10	980	1065	2	12
64	8	10	985	1070	2	12
64	8	10	990	1075	2	12
64	8	10	995	1080	2	12
64	8	10	1000	1085	2	12
64	8	10	1005	1090	2	12
64	8	10	1010	1095	2	12
64	8	10	1015	1100	2	12
64	8	10	1020	1105	2	12
64	8	10	1025	1110	2	12
65	7	10	930	1010	2	14
65	7	10	935	1015	2	14
65	7	10	940	1020	2	14
65	7	10	945	1025	2	14
65	7	10	950	1030	2	14
65	7	10	955	1035	2	14
65	7	10	960	1040	2	14
65	7	10	965	1045	2	14
65	7	10	970	1050	2	14
65	7	10	975	1055	2	14
65	7	10	980	1060	2	14
65	7	10	985	1065	2	14
65	7	10	990	1070	2	14
65	7	10	995	1075	2	14
65	7	10	1000	1080	2	14
65	7	10	1005	1085	2	14
65	7	10	1010	1090	2	14
65	7	10	1015	1095	2	14
65	7	10	1020	1100	2	14
65	7	10	1025	1105	2	14
65	7	10	1030	1110	2	14
65	7	10	1035	1115	2	14
65	7	10	1040	1120	2	14
65	7	10	1045	1125	2	14
65	7	10	1050	1130	2	14
66	10	11	935	1020	2	11
66	10	11	940	1025	2	11
66	10	11	945	1030	2	11
66	10	11	950	1035	2	11
66	10	11	955	1040	2	11
66	10	11	960	1045	2	11
66	10	11	965	1050	2	11
66	10	11	970	1055	2	11
66	10	11	975	1060	2	11
66	10	11	980	1065	2	11
66	10	11	985	1070	2	11
66	10	11	990	1075	2	11
66	10	11	995	1080	2	11
66	10	11	1000	1085	2	11
66	10	11	1005	1090	2	11
66	10	11	1010	1095	2	11
66	10	11	1015	1100	2	11
66	10	11	1020	1105	2	11
66	10	11	1025	1110	2	11
66	10	11	1030	1115	2	11
66	10	11	1035	1120	2	11
66	10	11	1040	1125	2	11
66	10	11	1045	1130	2	11
66	10	11	1050	1135	2	11
66	10	11	1055	1140	2	11
67	13	10	940	1020	1	7
67	13	10	945	1025	1	7
67	13	10	950	1030	1	7
67	13	10	955	1035	1	7
67	13	10	960	1040	1	7
67	13	10	965	1045	1	7
67	13	10	970	1050	1	7
67	13	10	975	1055	1	7
67	13	10	980	1060	1	7
67	13	10	985	1065	1	7
67	13	10	990	1070	1	7
67	13	10	995	1075	1	7
67	13	10	1000	1080	1	7
67	13	10	1005	1085	1	7
67	13	10	1010	1090	1	7
67	13	10	1015	1095	1	7
67	13	10	1020	1100	1	7
67	13	10	1025	1105	1	7
67	13	10	1030	1110	1	7
67	13	10	1035	1115	1	7
67	13	10	1040	1120	1	7
67	13	10	1045	1125	1	7
67	13	10	1050	1130	1	7
67	13	10	1055	1135	1	7
67	13	10	1060	1140	1	7
68	4	6	945	1015	0	3
68	4	6	950	1020	0	3
68	4	6	955	1025	0	3
68	4	6	960	1030	0	3
68	4	6	965	1035	0	3
68	4	6	970	1040	0	3
68	4	6	975	1045	0	3
68	4	6	980	1050	0	3
68	4	6	985	1055	0	3
68	4	6	990	1060	0	3
68	4	6	995	1065	0	3
68	4	6	1000	1070	0	3
68	4	6	1005	1075	0	3
68	4	6	1010	1080	0	3
68	4	6	1015	1085	0	3
68	4	6	1020	1090	0	3
68	4	6	1025	1095	0	3
68	4	6	1030	1100	0	3
68	4	6	1035	1105	0	3
68	4	6	1040	1110	0	3
68	4	6	1045	1115	0	3
68	4	6	1050	1120	0	3
68	4	6	1055	1125	0	3
68	4	6	1060	1130	0	3
68	4	6	1065	1135	0	3
69	2	10	950	1045	0	2
69	2	10	955	1050	0	2
69	2	10	960	1055	0	2
69	2	10	965	1060	0	2
69	2	10	970	1065	0	2
69	2	10	975	1070	0	2
69	2	10	980	1075	0	2
69	2	10	985	1080	0	2
69	2	10	990	1085	0	2
69	2	10	995	1090	0	2
69	2	10	1000	1095	0	2
69	2	10	1005	1100	0	2
69	2	10	1010	1105	0	2
69	2	10	1015	1110	0	2
69	2	10	1020	1115	0	2
69	2	10	1025	1120	0	2
69	2	10	1030	1125	0	2
69	2	10	1035	1130	0	2
69	2	10	1040	1135	0	2
69	2	10	1045	1140	0	2
69	2	10	1050	1145	0	2
69	2	10	1055	1150	0	2
69	2	10	1060	1155	0	2
69	2	10	1065	1160	0	2
69	2	10	1070	1165	0	2
70	10	13	950	1020	1	6
70	10	13	955	1025	1	6
70	10	13	960	1030	1	6
70	10	13	965	1035	1	6
70	10	13	970	1040	1	6
70	10	13	975	1045	1	6
70	10	13	980	1050	1	6
70	10	13	985	1055	1	6
70	10	13	990	1060	1	6
70	10	13	995	1065	1	6
70	10	13	1000	1070	1	6
70	10	13	1005	1075	1	6
70	10	13	1010	1080	1	6
70	10	13	1015	1085	1	6
70	10	13	1020	1090	1	6
70	10	13	1025	1095	1	6
70	10	13	1030	1100	1	6
70	10	13	1035	1105	1	6
70	10	13	1040	1110	1	6
70	10	13	1045	1115	1	6
70	10	13	1050	1120	1	6
70	10	13	1055	1125	1	6
70	10	13	1060	1130	1	6
70	10	13	1065	1135	1	6
70	10	13	1070	1140	1	6
71	10	3	955	1030	1	10
71	10	3	960	1035	1	10
71	10	3	965	1040	1	10
71	10	3	970	1045	1	10
71	10	3	975	1050	1	10
71	10	3	980	1055	1	10
71	10	3	985	1060	1	10
71	10	3	990	1065	1	10
71	10	3	995	1070	1	10
71	10	3	1000	1075	1	10
71	10	3	1005	1080	1	10
71	10	3	1010	1085	1	10
71	10	3	1015	1090	1	10
71	10	3	1020	1095	1	10
71	10	3	1025	1100	1	10
71	10	3	1030	1105	1	10
71	10	3	1035	1110	1	10
71	10	3	1040	1115	1	10
71	10	3	1045	1120	1	10
71	10	3	1050	1125	1	10
71	10	3	1055	1130	1	10
71	10	3	1060	1135	1	10
71	10	3	1065	1140	1	10
71	10	3	1070	1145	1	10
71	10	3	1075	1150	1	10
72	4	9	975	1040	0	5
72	4	9	980	1045	0	5
72	4	9	985	1050	0	5
72	4	9	990	1055	0	5
72	4	9	995	1060	0	5
72	4	9	1000	1065	0	5
72	4	9	1005	1070	0	5
72	4	9	1010	1075	0	5
72	4	9	1015	1080	0	5
72	4	9	1020	1085	0	5
72	4	9	1025	1090	0	5
72	4	9	1030	1095	0	5
72	4	9	1035	1100	0	5
72	4	9	1040	1105	0	5
72	4	9	1045	1110	0	5
72	4	9	1050	1115	0	5
72	4	9	1055	1120	0	5
72	4	9	1060	1125	0	5
72	4	9	1065	1130	0	5
72	4	9	1070	1135	0	5
72	4	9	1075	1140	0	5
72	4	9	1080	1145	0	5
72	4	9	1085	1150	0	5
72	4	9	1090	1155	0	5
72	4	9	1095	1160	0	5
73	4	12	990	1060	0	4
73	4	12	995	1065	0	4
73	4	12	1000	1070	0	4
73	4	12	1005	1075	0	4
73	4	12	1010	1080	0	4
73	4	12	1015	1085	0	4
73	4	12	1020	1090	0	4
73	4	12	1025	1095	0	4
73	4	12	1030	1100	0	4
73	4	12	1035	1105	0	4
73	4	12	1040	1110	0	4
73	4	12	1045	1115	0	4
73	4	12	1050	1120	0	4
73	4	12	1055	1125	0	4
73	4	12	1060	1130	0	4
73	4	12	1065	1135	0	4
73	4	12	1070	1140	0	4
73	4	12	1075	1145	0	4
73	4	12	1080	1150	0	4
73	4	12	1085	1155	0	4
73	4	12	1090	1160	0	4
73	4	12	1095	1165	0	4
73	4	12	1100	1170	0	4
73	4	12	1105	1175	0	4
73	4	12	1110	1180	0	4
74	1	10	995	1070	0	0
74	1	10	1000	1075	0	0
74	1	10	1005	1080	0	0
74	1	10	1010	1085	0	0
74	1	10	1015	1090	0	0
74	1	10	1020	1095	0	0
74	1	10	1025	1100	0	0
74	1	10	1030	1105	0	0
74	1	10	1035	1110	0	0
74	1	10	1040	1115	0	0
74	1	10	1045	1120	0	0
74	1	10	1050	1125	0	0
74	1	10	1055	1130	0	0
74	1	10	1060	1135	0	0
74	1	10	1065	1140	0	0
74	1	10	1070	1145	0	0
74	1	10	1075	1150	0	0
74	1	10	1080	1155	0	0
74	1	10	1085	1160	0	0
74	1	10	1090	1165	0	0
74	1	10	1095	1170	0	0
74	1	10	1100	1175	0	0
74	1	10	1105	1180	0	0
74	1	10	1110	1185	0	0
74	1	10	1115	1190	0	0
75	13	10	1000	1080	1	8
75	13	10	1005	1085	1	8
75	13	10	1010	1090	1	8
75	13	10	1015	1095	1	8
75	13	10	1020	1100	1	8
75	13	10	1025	1105	1	8
75	13	10	1030	1110	1	8
75	13	10	1035	1115	1	8
75	13	10	1040	1120	1	8
75	13	10	1045	1125	1	8
75	13	10	1050	1130	1	8
75	13	10	1055	1135	1	8
75	13	10	1060	1140	1	8
75	13	10	1065	1145	1	8
75	13	10	1070	1150	1	8
75	13	10	1075	1155	1	8
75	13	10	1080	1160	1	8
75	13	10	1085	1165	1	8
75	13	10	1090	1170	1	8
75	13	10	1095	1175	1	8
75	13	10	1100	1180	1	8
75	13	10	1105	1185	1	8
75	13	10	1110	1190	1	8
75	13	10	1115	1195	1	8
75	13	10	1120	1200	1	8
76	10	13	1010	1080	1	9
76	10	13	1015	1085	1	9
76	10	13	1020	1090	1	9
76	10	13	1025	1095	1	9
76	10	13	1030	1100	1	9
76	10	13	1035	1105	1	9
76	10	13	1040	1110	1	9
76	10	13	1045	1115	1	9
76	10	13	1050	1120	1	9
76	10	13	1055	1125	1	9
76	10	13	1060	1130	1	9
76	10	13	1065	1135	1	9
76	10	13	1070	1140	1	9
76	10	13	1075	1145	1	9
76	10	13	1080	1150	1	9
76	10	13	1085	1155	1	9
76	10	13	1090	1160	1	9
76	10	13	1095	1165	1	9
76	10	13	1100	1170	1	9
76	10	13	1105	1175	1	9
76	10	13	1110	1180	1	9
76	10	13	1115	1185	1	9
76	10	13	1120	1190	1	9
76	10	13	1125	1195	1	9
76	10	13	1130	1200	1	9
77	10	0	1030	1130	0	1
77	10	0	1035	1135	0	1
77	10	0	1040	1140	0	1
77	10	0	1045	1145	0	1
77	10	0	1050	1150	0	1
77	10	0	1055	1155	0	1
77	10	0	1060	1160	0	1
77	10	0	1065	1165	0	1
77	10	0	1070	1170	0	1
77	10	0	1075	1175	0	1
77	10	0	1080	1180	0	1
77	10	0	1085	1185	0	1
77	10	0	1090	1190	0	1
77	10	0	1095	1195	0	1
77	10	0	1100	1200	0	1
77	10	0	1105	1205	0	1
77	10	0	1110	1210	0	1
77	10	0	1115	1215	0	1
77	10	0	1120	1220	0	1
77	10	0	1125	1225	0	1
77	10	0	1130	1230	0	1
77	10	0	1135	1235	0	1
77	10	0	1140	1240	0	1
77	10	0	1145	1245	0	1
77	10	0	1150	1250	0	1
78	10	8	1030	1110	2	12
78	10	8	1035	1115	2	12
78	10	8	1040	1120	2	12
78	10	8	1045	1125	2	12
78	10	8	1050	1130	2	12
78	10	8	1055	1135	2	12
78	10	8	1060	1140	2	12
78	10	8	1065	1145	2	12
78	10	8	1070	1150	2	12
78	10	8	1075	1155	2	12
78	10	8	1080	1160	2	12
78	10	8	1085	1165	2	12
78	10	8	1090	1170	2	12
78	10	8	1095	1175	2	12
78	10	8	1100	1180	2	12
78	10	8	1105	1185	2	12
78	10	8	1110	1190	2	12
78	10	8	1115	1195	2	12
78	10	8	1120	1200	2	12
78	10	8	1125	1205	2	12
78	10	8	1130	1210	2	12
78	10	8	1135	1215	2	12
78	10	8	1140	1220	2	12
78	10	8	1145	1225	2	12
78	10	8	1150	1230	2	12
79	6	4	1055	1130	0	3
79	6	4	1060	1135	0	3
79	6	4	1065	1140	0	3
79	6	4	1070	1145	0	3
79	6	4	1075	1150	0	3
79	6	4	1080	1155	0	3
79	6	4	1085	1160	0	3
79	6	4	1090	1165	0	3
79	6	4	1095	1170	0	3
79	6	4	1100	1175	0	3
79	6	4	1105	1180	0	3
79	6	4	1110	1185	0	3
79	6	4	1115	1190	0	3
79	6	4	1120	1195	0	3
79	6	4	1125	1200	0	3
79	6	4	1130	1205	0	3
79	6	4	1135	1210	0	3
79	6	4	1140	1215	0	3
79	6	4	1145	1220	0	3
79	6	4	1150	1225	0	3
79	6	4	1155	1230	0	3
79	6	4	1160	1235	0	3
79	6	4	1165	1240	0	3
79	6	4	1170	1245	0	3
79	6	4	1175	1250	0	3
80	10	7	1055	1130	2	14
80	10	7	1060	1135	2	14
80	10	7	1065	1140	2	14
80	10	7	1070	1145	2	14
80	10	7	1075	1150	2	14
80	10	7	1080	1155	2	14
80	10	7	1085	1160	2	14
80	10	7	1090	1165	2	14
80	10	7	1095	1170	2	14
80	10	7	1100	1175	2	14
80	10	7	1105	1180	2	14
80	10	7	1110	1185	2	14
80	10	7	1115	1190	2	14
80	10	7	1120	1195	2	14
80	10	7	1125	1200	2	14
80	10	7	1130	1205	2	14
80	10	7	1135	1210	2	14
80	10	7	1140	1215	2	14
80	10	7	1145	1220	2	14
80	10	7	1150	1225	2	14
80	10	7	1155	1230	2	14
80	10	7	1160	1235	2	14
80	10	7	1165	1240	2	14
80	10	7	1170	1245	2	14
80	10	7	1175	1250	2	14
81	13	10	1060	1140	1	6
81	13	10	1065	1145	1	6
81	13	10	1070	1150	1	6
81	13	10	1075	1155	1	6
81	13	10	1080	1160	1	6
81	13	10	1085	1165	1	6
81	13	10	1090	1170	1	6
81	13	10	1095	1175	1	6
81	13	10	1100	1180	1	6
81	13	10	1105	1185	1	6
81	13	10	1110	1190	1	6
81	13	10	1115	1195	1	6
81	13	10	1120	1200	1	6
81	13	10	1125	1205	1	6
81	13	10	1130	1210	1	6
81	13	10	1135	1215	1	6
81	13	10	1140	1220	1	6
81	13	10	1145	1225	1	6
81	13	10	1150	1230	1	6
81	13	10	1155	1235	1	6
81	13	10	1160	1240	1	6
81	13	10	1165	1245	1	6
81	13	10	1170	1250	1	6
81	13	10	1175	1255	1	6
81	13	10	1180	1260	1	6
82	10	13	1070	1140	1	7
82	10	13	1075	1145	1	7
82	10	13	1080	1150	1	7
82	10	13	1085	1155	1	7
82	10	13	1090	1160	1	7
82	10	13	1095	1165	1	7
82	10	13	1100	1170	1	7
82	10	13	1105	1175	1	7
82	10	13	1110	1180	1	7
82	10	13	1115	1185	1	7
82	10	13	1120	1190	1	7
82	10	13	1125	1195	1	7
82	10	13	1130	1200	1	7
82	10	13	1135	1205	1	7
82	10	13	1140	1210	1	7
82	10	13	1145	1215	1	7
82	10	13	1150	1220	1	7
82	10	13	1155	1225	1	7
82	10	13	1160	1230	1	7
82	10	13	1165	1235	1	7
82	10	13	1170	1240	1	7
82	10	13	1175	1245	1	7
82	10	13	1180	1250	1	7
82	10	13	1185	1255	1	7
82	10	13	1190	1260	1	7
83	11	10	1070	1155	2	11
83	11	10	1075	1160	2	11
83	11	10	1080	1165	2	11
83	11	10	1085	1170	2	11
83	11	10	1090	1175	2	11
83	11	10	1095	1180	2	11
83	11	10	1100	1185	2	11
83	11	10	1105	1190	2	11
83	11	10	1110	1195	2	11
83	11	10	1115	1200	2	11
83	11	10	1120	1205	2	11
83	11	10	1125	1210	2	11
83	11	10	1130	1215	2	11
83	11	10	1135	1220	2	11
83	11	10	1140	1225	2	11
83	11	10	1145	1230	2	11
83	11	10	1150	1235	2	11
83	11	10	1155	1240	2	11
83	11	10	1160	1245	2	11
83	11	10	1165	1250	2	11
83	11	10	1170	1255	2	11
83	11	10	1175	1260	2	11
83	11	10	1180	1265	2	11
83	11	10	1185	1270	2	11
83	11	10	1190	1275	2	11
84	3	10	1080	1160	1	10
84	3	10	1085	1165	1	10
84	3	10	1090	1170	1	10
84	3	10	1095	1175	1	10
84	3	10	1100	1180	1	10
84	3	10	1105	1185	1	10
84	3	10	1110	1190	1	10
84	3	10	1115	1195	1	10
84	3	10	1120	1200	1	10
84	3	10	1125	1205	1	10
84	3	10	1130	1210	1	10
84	3	10	1135	1215	1	10
84	3	10	1140	1220	1	10
84	3	10	1145	1225	1	10
84	3	10	1150	1230	1	10
84	3	10	1155	1235	1	10
84	3	10	1160	1240	1	10
84	3	10	1165	1245	1	10
84	3	10	1170	1250	1	10
84	3	10	1175	1255	1	10
84	3	10	1180	1260	1	10
84	3	10	1185	1265	1	10
84	3	10	1190	1270	1	10
84	3	10	1195	1275	1	10
84	3	10	1200	1280	1	10
85	9	4	1085	1150	0	5
85	9	4	1090	1155	0	5
85	9	4	1095	1160	0	5
85	9	4	1100	1165	0	5
85	9	4	1105	1170	0	5
85	9	4	1110	1175	0	5
85	9	4	1115	1180	0	5
85	9	4	1120	1185	0	5
85	9	4	1125	1190	0	5
85	9	4	1130	1195	0	5
85	9	4	1135	1200	0	5
85	9	4	1140	1205	0	5
85	9	4	1145	1210	0	5
85	9	4	1150	1215	0	5
85	9	4	1155	1220	0	5
85	9	4	1160	1225	0	5
85	9	4	1165	1230	0	5
85	9	4	1170	1235	0	5
85	9	4	1175	1240	0	5
85	9	4	1180	1245	0	5
85	9	4	1185	1250	0	5
85	9	4	1190	1255	0	5
85	9	4	1195	1260	0	5
85	9	4	1200	1265	0	5
85	9	4	1205	1270	0	5
86	12	4	1105	1175	0	4
86	12	4	1110	1180	0	4
86	12	4	1115	1185	0	4
86	12	4	1120	1190	0	4
86	12	4	1125	1195	0	4
86	12	4	1130	1200	0	4
86	12	4	1135	1205	0	4
86	12	4	1140	1210	0	4
86	12	4	1145	1215	0	4
86	12	4	1150	1220	0	4
86	12	4	1155	1225	0	4
86	12	4	1160	1230	0	4
86	12	4	1165	1235	0	4
86	12	4	1170	1240	0	4
86	12	4	1175	1245	0	4
86	12	4	1180	1250	0	4
86	12	4	1185	1255	0	4
86	12	4	1190	1260	0	4
86	12	4	1195	1265	0	4
86	12	4	1200	1270	0	4
86	12	4	1205	1275	0	4
86	12	4	1210	1280	0	4
86	12	4	1215	1285	0	4
86	12	4	1220	1290	0	4
86	12	4	1225	1295	0	4
87	13	10	1120	1200	1	9
87	13	10	1125	1205	1	9
87	13	10	1130	1210	1	9
87	13	10	1135	1215	1	9
87	13	10	1140	1220	1	9
87	13	10	1145	1225	1	9
87	13	10	1150	1230	1	9
87	13	10	1155	1235	1	9
87	13	10	1160	1240	1	9
87	13	10	1165	1245	1	9
87	13	10	1170	1250	1	9
87	13	10	1175	1255	1	9
87	13	10	1180	1260	1	9
87	13	10	1185	1265	1	9
87	13	10	1190	1270	1	9
87	13	10	1195	1275	1	9
87	13	10	1200	1280	1	9
87	13	10	1205	1285	1	9
87	13	10	1210	1290	1	9
87	13	10	1215	1295	1	9
87	13	10	1220	1300	1	9
87	13	10	1225	1305	1	9
87	13	10	1230	1310	1	9
87	13	10	1235	1315	1	9
87	13	10	1240	1320	1	9
88	10	6	1125	1185	2	13
88	10	6	1130	1190	2	13
88	10	6	1135	1195	2	13
88	10	6	1140	1200	2	13
88	10	6	1145	1205	2	13
88	10	6	1150	1210	2	13
88	10	6	1155	1215	2	13
88	10	6	1160	1220	2	13
88	10	6	1165	1225	2	13
88	10	6	1170	1230	2	13
88	10	6	1175	1235	2	13
88	10	6	1180	1240	2	13
88	10	6	1185	1245	2	13
88	10	6	1190	1250	2	13
88	10	6	1195	1255	2	13
88	10	6	1200	1260	2	13
88	10	6	1205	1265	2	13
88	10	6	1210	1270	2	13
88	10	6	1215	1275	2	13
88	10	6	1220	1280	2	13
88	10	6	1225	1285	2	13
88	10	6	1230	1290	2	13
88	10	6	1235	1295	2	13
88	10	6	1240	1300	2	13
88	10	6	1245	1305	2	13
89	10	13	1130	1200	1	8
89	10	13	1135	1205	1	8
89	10	13	1140	1210	1	8
89	10	13	1145	1215	1	8
89	10	13	1150	1220	1	8
89	10	13	1155	1225	1	8
89	10	13	1160	1230	1	8
89	10	13	1165	1235	1	8
89	10	13	1170	1240	1	8
89	10	13	1175	1245	1	8
89	10	13	1180	1250	1	8
89	10	13	1185	1255	1	8
89	10	13	1190	1260	1	8
89	10	13	1195	1265	1	8
89	10	13	1200	1270	1	8
89	10	13	1205	1275	1	8
89	10	13	1210	1280	1	8
89	10	13	1215	1285	1	8
89	10	13	1220	1290	1	8
89	10	13	1225	1295	1	8
89	10	13	1230	1300	1	8
89	10	13	1235	1305	1	8
89	10	13	1240	1310	1	8
89	10	13	1245	1315	1	8
89	10	13	1250	1320	1	8
90	10	2	1140	1235	0	2
90	10	2	1145	1240	0	2
90	10	2	1150	1245	0	2
90	10	2	1155	1250	0	2
90	10	2	1160	1255	0	2
90	10	2	1165	1260	0	2
90	10	2	1170	1265	0	2
90	10	2	1175	1270	0	2
90	10	2	1180	1275	0	2
90	10	2	1185	1280	0	2
90	10	2	1190	1285	0	2
90	10	2	1195	1290	0	2
90	10	2	1200	1295	0	2
90	10	2	1205	1300	0	2
90	10	2	1210	1305	0	2
90	10	2	1215	1310	0	2
90	10	2	1220	1315	0	2
90	10	2	1225	1320	0	2
90	10	2	1230	1325	0	2
90	10	2	1235	1330	0	2
90	10	2	1240	1335	0	2
90	10	2	1245	1340	0	2
90	10	2	1250	1345	0	2
90	10	2	1255	1350	0	2
90	10	2	1260	1355	0	2
91	8	10	1165	1225	2	12
91	8	10	1170	1230	2	12
91	8	10	1175	1235	2	12
91	8	10	1180	1240	2	12
91	8	10	1185	1245	2	12
91	8	10	1190	1250	2	12
91	8	10	1195	1255	2	12
91	8	10	1200	1260	2	12
91	8	10	1205	1265	2	12
91	8	10	1210	1270	2	12
91	8	10	1215	1275	2	12
91	8	10	1220	1280	2	12
91	8	10	1225	1285	2	12
91	8	10	1230	1290	2	12
91	8	10	1235	1295	2	12
91	8	10	1240	1300	2	12
91	8	10	1245	1305	2	12
91	8	10	1250	1310	2	12
91	8	10	1255	1315	2	12
91	8	10	1260	1320	2	12
91	8	10	1265	1325	2	12
91	8	10	1270	1330	2	12
91	8	10	1275	1335	2	12
91	8	10	1280	1340	2	12
91	8	10	1285	1345	2	12
92	10	13	1190	1260	1	6
92	10	13	1195	1265	1	6
92	10	13	1200	1270	1	6
92	10	13	1205	1275	1	6
92	10	13	1210	1280	1	6
92	10	13	1215	1285	1	6
92	10	13	1220	1290	1	6
92	10	13	1225	1295	1	6
92	10	13	1230	1300	1	6
92	10	13	1235	1305	1	6
92	10	13	1240	1310	1	6
92	10	13	1245	1315	1	6
92	10	13	1250	1320	1	6
92	10	13	1255	1325	1	6
92	10	13	1260	1330	1	6
92	10	13	1265	1335	1	6
92	10	13	1270	1340	1	6
92	10	13	1275	1345	1	6
92	10	13	1280	1350	1	6
92	10	13	1285	1355	1	6
92	10	13	1290	1360	1	6
92	10	13	1295	1365	1	6
92	10	13	1300	1370	1	6
92	10	13	1305	1375	1	6
92	10	13	1310	1380	1	6
93	4	6	1195	1265	0	3
93	4	6	1200	1270	0	3
93	4	6	1205	1275	0	3
93	4	6	1210	1280	0	3
93	4	6	1215	1285	0	3
93	4	6	1220	1290	0	3
93	4	6	1225	1295	0	3
93	4	6	1230	1300	0	3
93	4	6	1235	1305	0	3
93	4	6	1240	1310	0	3
93	4	6	1245	1315	0	3
93	4	6	1250	1320	0	3
93	4	6	1255	1325	0	3
93	4	6	1260	1330	0	3
93	4	6	1265	1335	0	3
93	4	6	1270	1340	0	3
93	4	6	1275	1345	0	3
93	4	6	1280	1350	0	3
93	4	6	1285	1355	0	3
93	4	6	1290	1360	0	3
93	4	6	1295	1365	0	3
93	4	6	1300	1370	0	3
93	4	6	1305	1375	0	3
93	4	6	1310	1380	0	3
93	4	6	1315	1385	0	3
94	10	10	1200	1300	0	0
95	4	9	1200	1265	0	5
95	4	9	1205	1270	0	5
95	4	9	1210	1275	0	5
95	4	9	1215	1280	0	5
95	4	9	1220	1285	0	5
95	4	9	1225	1290	0	5
95	4	9	1230	1295	0	5
95	4	9	1235	1300	0	5
95	4	9	1240	1305	0	5
95	4	9	1245	1310	0	5
95	4	9	1250	1315	0	5
95	4	9	1255	1320	0	5
95	4	9	1260	1325	0	5
95	4	9	1265	1330	0	5
95	4	9	1270	1335	0	5
95	4	9	1275	1340	0	5
95	4	9	1280	1345	0	5
95	4	9	1285	1350	0	5
95	4	9	1290	1355	0	5
95	4	9	1295	1360	0	5
95	4	9	1300	1365	0	5
95	4	9	1305	1370	0	5
95	4	9	1310	1375	0	5
95	4	9	1315	1380	0	5
95	4	9	1320	1385	0	5
96	10	12	1200	1260	2	11
96	10	12	1205	1265	2	11
96	10	12	1210	1270	2	11
96	10	12	1215	1275	2	11
96	10	12	1220	1280	2	11
96	10	12	1225	1285	2	11
96	10	12	1230	1290	2	11
96	10	12	1235	1295	2	11
96	10	12	1240	1300	2	11
96	10	12	1245	1305	2	11
96	10	12	1250	1310	2	11
96	10	12	1255	1315	2	11
96	10	12	1260	1320	2	11
96	10	12	1265	1325	2	11
96	10	12	1270	1330	2	11
96	10	12	1275	1335	2	11
96	10	12	1280	1340	2	11
96	10	12	1285	1345	2	11
96	10	12	1290	1350	2	11
96	10	12	1295	1355	2	11
96	10	12	1300	1360	2	11
96	10	12	1305	1365	2	11
96	10	12	1310	1370	2	11
96	10	12	1315	1375	2	11
96	10	12	1320	1380	2	11
97	10	3	1205	1280	1	10
97	10	3	1210	1285	1	10
97	10	3	1215	1290	1	10
97	10	3	1220	1295	1	10
97	10	3	1225	1300	1	10
97	10	3	1230	1305	1	10
97	10	3	1235	1310	1	10
97	10	3	1240	1315	1	10
97	10	3	1245	1320	1	10
97	10	3	1250	1325	1	10
97	10	3	1255	1330	1	10
97	10	3	1260	1335	1	10
97	10	3	1265	1340	1	10
97	10	3	1270	1345	1	10
97	10	3	1275	1350	1	10
97	10	3	1280	1355	1	10
97	10	3	1285	1360	1	10
97	10	3	1290	1365	1	10
97	10	3	1295	1370	1	10
97	10	3	1300	1375	1	10
97	10	3	1305	1380	1	10
97	10	3	1310	1385	1	10
97	10	3	1315	1390	1	10
97	10	3	1320	1395	1	10
97	10	3	1325	1400	1	10
98	10	1	1220	1290	0	0
98	10	1	1225	1295	0	0
98	10	1	1230	1300	0	0
98	10	1	1235	1305	0	0
98	10	1	1240	1310	0	0
98	10	1	1245	1315	0	0
98	10	1	1250	1320	0	0
98	10	1	1255	1325	0	0
98	10	1	1260	1330	0	0
98	10	1	1265	1335	0	0
98	10	1	1270	1340	0	0
98	10	1	1275	1345	0	0
98	10	1	1280	1350	0	0
98	10	1	1285	1355	0	0
98	10	1	1290	1360	0	0
98	10	1	1295	1365	0	0
98	10	1	1300	1370	0	0
98	10	1	1305	1375	0	0
98	10	1	1310	1380	0	0
98	10	1	1315	1385	0	0
98	10	1	1320	1390	0	0
98	10	1	1325	1395	0	0
98	10	1	1330	1400	0	0
98	10	1	1335	1405	0	0
98	10	1	1340	1410	0	0
99	4	13	1230	1315	0	4
99	4	13	1235	1320	0	4
99	4	13	1240	1325	0	4
99	4	13	1245	1330	0	4
99	4	13	1250	1335	0	4
99	4	13	1255	1340	0	4
99	4	13	1260	1345	0	4
99	4	13	1265	1350	0	4
99	4	13	1270	1355	0	4
99	4	13	1275	1360	0	4
99	4	13	1280	1365	0	4
99	4	13	1285	1370	0	4
99	4	13	1290	1375	0	4
99	4	13	1295	1380	0	4
99	4	13	1300	1385	0	4
99	4	13	1305	1390	0	4
99	4	13	1310	1395	0	4
99	4	13	1315	1400	0	4
99	4	13	1320	1405	0	4
99	4	13	1325	1410	0	4
99	4	13	1330	1415	0	4
99	4	13	1335	1420	0	4
99	4	13	1340	1425	0	4
99	4	13	1345	1430	0	4
99	4	13	1350	1435	0	4
