------------
DataBase = 10
OneDelayTime = 20
gateTypeNum = 2
SAL = 9150.000001
InitialRouteNum =  1000
InitialPatternNum = 1000
Initial3PatternNum = 1000
forcedCoveredPairInitialPatternTimeLim = 2.0
OneBestPatternTimeLim = 1.0
NegativeReducedCostPatternTimeLim = 1.0
TotalTimeLim = 1800.0
---------------------------------
Bigloop1

SARLP Column Generation:
SALPloop1
LpStatus = Optimal
LpObj = 3660.0000000000014
81 aircraft need pricing : 0 1 2 3 4 5 6 7 8 9 10 11 12 13 14 15 16 17 18 19 20 21 22 23 24 25 26 27 28 29 30 31 32 33 34 35 36 37 38 39 40 41 42 43 44 45 46 47 48 49 50 51 52 53 54 55 56 57 58 59 60 61 62 63 64 65 66 67 68 69 70 71 72 73 74 75 76 77 78 79 80  
AircReducedCost >0 Num = 79/81

SALPloop2
LpStatus = Optimal
LpObj = 3660.0000000000005
81 aircraft need pricing : 0 1 2 3 4 5 6 7 8 9 10 11 12 13 14 15 16 17 18 19 20 21 22 23 24 25 26 27 28 29 30 31 32 33 34 35 36 37 38 39 40 41 42 43 44 45 46 47 48 49 50 51 52 53 54 55 56 57 58 59 60 61 62 63 64 65 66 67 68 69 70 71 72 73 74 75 76 77 78 79 80  
AircReducedCost >0 Num = 80/81

SALPloop3
LpStatus = Optimal
LpObj = 3660.000000000004
81 aircraft need pricing : 0 1 2 3 4 5 6 7 8 9 10 11 12 13 14 15 16 17 18 19 20 21 22 23 24 25 26 27 28 29 30 31 32 33 34 35 36 37 38 39 40 41 42 43 44 45 46 47 48 49 50 51 52 53 54 55 56 57 58 59 60 61 62 63 64 65 66 67 68 69 70 71 72 73 74 75 76 77 78 79 80  
AircReducedCost >0 Num = 80/81

SALPloop4
LpStatus = Optimal
LpObj = 3659.999999999995
81 aircraft need pricing : 0 1 2 3 4 5 6 7 8 9 10 11 12 13 14 15 16 17 18 19 20 21 22 23 24 25 26 27 28 29 30 31 32 33 34 35 36 37 38 39 40 41 42 43 44 45 46 47 48 49 50 51 52 53 54 55 56 57 58 59 60 61 62 63 64 65 66 67 68 69 70 71 72 73 74 75 76 77 78 79 80  
AircReducedCost >0 Num = 80/81

SALPloop5
LpStatus = Optimal
LpObj = 3659.999999999999
81 aircraft need pricing : 0 1 2 3 4 5 6 7 8 9 10 11 12 13 14 15 16 17 18 19 20 21 22 23 24 25 26 27 28 29 30 31 32 33 34 35 36 37 38 39 40 41 42 43 44 45 46 47 48 49 50 51 52 53 54 55 56 57 58 59 60 61 62 63 64 65 66 67 68 69 70 71 72 73 74 75 76 77 78 79 80  
AircReducedCost >0 Num = 80/81

SALPloop6
LpStatus = Optimal
LpObj = 3659.999999999999
SARLP CG use time 121.64099999982864

SARIpStatus = Optimal
q = 0.0
SARIpObj = 3660.0
CancelNum = 16
DelayTime = 460
SwapNum = 160
SARq>LB, update LB = 3660.0
 
Airc choose route's index = [1396, 1000, 1000, 122, 1394, 9, 20, 416, 91, 1031, 134, 958, 44, 901, 502, 1035, 667, 145, 821, 308, 66, 1009, 800, 1662, 128, 14, 1400, 1000, 1440, 1212, 19, 172, 1575, 1176, 1075, 1369, 871, 1472, 50, 1435, 1127, 1084, 7, 278, 591, 99, 1376, 120, 2861, 1063, 36, 42, 8, 1, 0, 0, 26, 0, 87, 4, 21, 1, 24, 0, 16, 101, 1001, 249, 9, 108, 81, 67, 1001, 498, 24, 64, 1015, 4, 766, 222, 338]
Need find 370 pairs: 0 1 2 3 4 5 6 7 8 9 10 11 12 13 14 15 16 17 18 19 20 21 22 23 24 25 26 27 28 29 30 31 32 33 34 35 36 37 38 39 40 41 42 43 44 45 46 47 48 49 50 51 52 53 54 55 56 57 58 59 60 61 62 63 64 65 66 67 68 69 70 71 72 73 74 75 76 77 78 79 80 81 82 83 84 85 86 87 88 89 90 91 92 93 94 95 96 97 98 99 100 101 102 103 104 105 106 107 108 109 110 111 112 113 114 115 116 117 118 119 120 121 122 123 124 125 126 127 128 129 130 131 132 133 134 135 136 137 138 139 140 141 142 143 144 145 146 147 148 149 150 151 152 153 154 155 156 157 158 159 160 161 162 163 164 165 166 167 168 169 170 171 172 173 174 175 176 177 178 179 180 181 182 183 184 185 186 187 188 189 190 191 192 193 194 195 196 197 198 199 200 201 202 203 204 205 206 207 208 209 210 211 212 213 214 215 216 217 218 219 220 221 222 223 224 225 226 227 228 229 230 231 232 233 234 235 236 237 238 239 240 241 242 243 244 245 246 247 248 249 250 251 252 253 254 255 256 257 258 259 260 261 262 263 264 265 266 267 268 269 270 271 272 273 274 275 276 277 278 279 280 281 282 283 284 285 286 287 288 289 290 291 292 293 294 295 296 297 298 299 300 301 302 303 304 305 306 307 308 309 310 311 312 313 314 315 316 317 318 319 320 321 322 323 324 325 326 327 328 329 330 331 332 333 334 335 336 337 338 339 340 341 342 343 344 345 346 347 348 349 350 351 352 353 354 355 356 357 358 359 360 361 362 363 364 365 366 367 368 369 

GRLPphase1 Column Generation:
GRphase1loop1
GRLPphase1 is feasibleï¼?
GRLPphase1 CG use time 1.8909999998286366
Having used time 885.8129999998491

GRLP Column Generation:
GRloop1
Optimal
LpObj = 9110.625
70 gates need pricing: 0 1 2 3 4 5 6 7 8 9 10 11 12 13 14 15 16 17 18 19 20 21 22 23 24 25 26 27 28 29 30 31 32 33 34 35 36 37 38 39 40 41 42 43 44 45 46 47 48 49 50 51 52 53 54 55 56 57 58 59 60 61 62 63 64 65 66 67 68 69  
AirpTypeReducedCost >0 Num = 70/70

GRLP CG use time 373.7349999998696

GRIPobj = 9180.0
(SARIPobj+GRobj)<UB, update UB = 12840.0
 
LB = 3660.0, UB= 12840.0
 
Having used time 1259.9220000000205
---------------------------------

---------------------------------
Bigloop2

SARLP Column Generation:
SALPloop1
9180.0
LpStatus = Optimal
LpObj = 8090.000160000052
81 aircraft need pricing : 0 1 2 3 4 5 6 7 8 9 10 11 12 13 14 15 16 17 18 19 20 21 22 23 24 25 26 27 28 29 30 31 32 33 34 35 36 37 38 39 40 41 42 43 44 45 46 47 48 49 50 51 52 53 54 55 56 57 58 59 60 61 62 63 64 65 66 67 68 69 70 71 72 73 74 75 76 77 78 79 80  
AircReducedCost >0 Num = 52/81

SALPloop2
9180.0
LpStatus = Optimal
LpObj = 8020.000162000052
81 aircraft need pricing : 0 1 2 3 4 5 6 7 8 9 10 11 12 13 14 15 16 17 18 19 20 21 22 23 24 25 26 27 28 29 30 31 32 33 34 35 36 37 38 39 40 41 42 43 44 45 46 47 48 49 50 51 52 53 54 55 56 57 58 59 60 61 62 63 64 65 66 67 68 69 70 71 72 73 74 75 76 77 78 79 80  
AircReducedCost >0 Num = 74/81

SALPloop3
9180.0
LpStatus = Optimal
LpObj = 8020.000162000056
81 aircraft need pricing : 0 1 2 3 4 5 6 7 8 9 10 11 12 13 14 15 16 17 18 19 20 21 22 23 24 25 26 27 28 29 30 31 32 33 34 35 36 37 38 39 40 41 42 43 44 45 46 47 48 49 50 51 52 53 54 55 56 57 58 59 60 61 62 63 64 65 66 67 68 69 70 71 72 73 74 75 76 77 78 79 80  
AircReducedCost >0 Num = 78/81

SALPloop4
9180.0
LpStatus = Optimal
LpObj = 8020.000162000056
81 aircraft need pricing : 0 1 2 3 4 5 6 7 8 9 10 11 12 13 14 15 16 17 18 19 20 21 22 23 24 25 26 27 28 29 30 31 32 33 34 35 36 37 38 39 40 41 42 43 44 45 46 47 48 49 50 51 52 53 54 55 56 57 58 59 60 61 62 63 64 65 66 67 68 69 70 71 72 73 74 75 76 77 78 79 80  
AircReducedCost >0 Num = 78/81

SALPloop5
9180.0
LpStatus = Optimal
LpObj = 8020.000162000054
81 aircraft need pricing : 0 1 2 3 4 5 6 7 8 9 10 11 12 13 14 15 16 17 18 19 20 21 22 23 24 25 26 27 28 29 30 31 32 33 34 35 36 37 38 39 40 41 42 43 44 45 46 47 48 49 50 51 52 53 54 55 56 57 58 59 60 61 62 63 64 65 66 67 68 69 70 71 72 73 74 75 76 77 78 79 80  
AircReducedCost >0 Num = 79/81

SALPloop6
9180.0
LpStatus = Optimal
LpObj = 8020.000162000057
81 aircraft need pricing : 0 1 2 3 4 5 6 7 8 9 10 11 12 13 14 15 16 17 18 19 20 21 22 23 24 25 26 27 28 29 30 31 32 33 34 35 36 37 38 39 40 41 42 43 44 45 46 47 48 49 50 51 52 53 54 55 56 57 58 59 60 61 62 63 64 65 66 67 68 69 70 71 72 73 74 75 76 77 78 79 80  
AircReducedCost >0 Num = 79/81

SALPloop7
9180.0
LpStatus = Optimal
LpObj = 8020.000162000055
SARLP CG use time 282.1099999998696

9180.0
SARIpStatus = Optimal
q = 4320.000162000055
SARIpObj = 8040.000162000055
CancelNum = 17
DelayTime = 320
SwapNum = 171
SARq>LB, update LB = 8040.000162000055
 
Airc choose route's index = [166, 1012, 1001, 51, 468, 182, 118, 111, 222, 15, 902, 6, 115, 212, 806, 8, 318, 386, 39, 1009, 60, 902, 79, 2075, 450, 96, 638, 1374, 1061, 1048, 838, 1321, 1614, 108, 147, 521, 1319, 1363, 1063, 1391, 1291, 1218, 904, 1091, 1261, 590, 1441, 1091, 2854, 1120, 1076, 169, 1023, 1064, 19, 17, 371, 2, 17, 35, 7, 78, 0, 1006, 748, 160, 1000, 35, 1000, 41, 5, 1000, 10, 0, 216, 22, 11, 61, 12, 192, 29]
Need find 116 pairs: 0 1 2 3 4 5 6 7 8 9 10 11 12 13 14 15 16 17 18 19 20 21 22 23 24 25 26 27 28 29 30 31 32 33 34 35 36 37 38 39 40 41 42 43 44 45 46 47 48 49 50 51 52 53 54 55 56 57 58 59 60 61 62 63 64 65 66 67 68 69 70 71 72 73 74 75 76 77 78 79 80 81 82 83 84 85 86 87 88 89 90 91 92 93 94 95 96 97 98 99 100 101 102 103 104 105 106 107 108 109 110 111 112 113 114 115 

GRLPphase1 Column Generation:
GRphase1loop1
GRLPphase1 is feasibleï¼?
GRLPphase1 CG use time 1.797000000020489
Having used time 1798.6409999998286

GRLP Column Generation:
GRloop1
Optimal
LpObj = 8842.625
70 gates need pricing: 0 1 2 3 4 5 6 7 8 9 10 11 12 13 14 15 16 17 18 19 20 21 22 23 24 25 26 27 28 29 30 31 32 33 34 35 36 37 38 39 40 41 42 43 44 45 46 47 48 49 50 51 52 53 54 55 56 57 58 59 60 61 62 63 64 65 66 67 68 69  
AirpTypeReducedCost >0 Num = 70/70

GRLP CG use time 362.07800000021234

GRIPobj = 8970.0
(SARIPobj+GRobj)<UB, update UB = 12690.0
 
LB = 8040.000162000055, UB= 12690.0
 
Having used time 2161.062999999849
---------------------------------


---------------------------------
Stop information: 
SAL = 9150.000001
Stop at Bigloop: 2
Total use time 2161.062999999849
LB = 8040.000162000055, UB= 12690.0
SARcost = 3720.0
GRgateNum = 299.0
------------



