151111	3	50	[320, 330, 757, 777, 77B, 319, 321]
153565	3	50	[777, 757, 330, 320, 77B, 319, 321]
154711	3	50	[320, 330, 757, 777, 77B, 319, 321]
181296	4	50	[777, 77B, 757, 320, 330, 319, 321, 333]
181455	1	70	[77B, 777, 757, 320, 330, 319, 321, 333]
181866	0	80	[333, 77B, 777, 757, 320, 330, 319, 321]
181868	1	70	[77B, 777, 757, 320, 330, 319, 321]
181869	0	80	[319, 77B, 777, 757, 320, 330, 321]
181874	1	70	[77B, 777, 757, 320, 330, 319, 321, 333]
181875	4	50	[77B, 777, 757, 320, EM4, 330, 319, 321, 333]
181888	2	60	[77B, 777, 757, 320, 321, 319, 330, 333]
181892	1	70	[77B, 777, 757, 320, 319, 330, 733, 738, 321]
181895	2	60	[77B, 777, 757, 320, 330, 319, 321]
181896	3	50	[320, 319, 777, 77B, 757, 321]
181898	4	50	[77B, 777, 757, 320, 321, 330, 319, 333]
181899	1	70	[77B, 777, 757, 320, 319, 330, 321]
181900	2	60	[77B, 777, 757, 320, 330, 319, 321, 333]
181905	1	70	[77B, 777, 757, 320, 733, 738, 330, 319, 321, 333, 73G]
181906	3	50	[77B, 777, 757, 320, 330, 319, 321, 333]
181914	1	70	[77B, 777, 757, 320, 330, 319, 321, 333]
181959	4	50	[77B, 777, 757, 320, 319, 321, 330, 733, 735, 738, 73G]
181968	0	80	[77B, 777, 757, 320, 330, 319]
181969	0	80	[EM4, 319, 77B, 777, 757, 320, 330]
181972	0	80	[77B, 777, 757, 320, 330, 319, 321]
181979	0	80	[77B, 777, 757, 320, 330, 319, 321]
181980	0	80	[77B, 777, 757, 320, 330, 319, 321, 333]
181982	0	80	[77B, 777, 757, 320, 319]
181984	0	80	[77B, 777, 757, 320, 330, 319]
181988	0	80	[77B, 777, 757, 320, 330, 319]
182015	0	80	[77B, 777, 757, 320, 330, 319, 333, 321]
182017	1	70	[333, 77B, 777, 757, 320, 321, 319, 330, 733, 735, 73G, 738]
182024	0	80	[77B, 777, 757, 320, 330, 319, 321, 333]
182031	4	50	[77B, 777, 757, 320, 319, 330]
182038	4	50	[77B, 777, 757, 320, 330, 319]
182048	0	80	[320, 757, 777, 77B, 330, 319]
182050	0	80	[77B, 777, 757, 320, 330, 319, 321, 333]
182051	0	80	[77B, 777, 757, 320, 330, 319, 333, 321]
182052	0	80	[EM4, 77B, 777, 757, 320, 330, 319, 321, 333]
182053	0	80	[77B, 777, 757, 320, 330, 319, 321]
182055	1	70	[77B, 777, 757, 320, 330, 319, 321]
182056	0	80	[77B, 777, 757, 320, 330, 319, 321, 333]
182057	0	80	[77B, 777, 757, 320, 319, 330, 321]
182058	0	80	[77B, 777, 757, 320, 330, 319, 333, 321]
182059	0	80	[77B, 777, 757, 320, 330, 319, 321, 333]
182060	0	80	[77B, 777, 757, 320, 330, 321, 319, 333]
182062	3	50	[333, 77B, 777, 757, 320, 330, 319, 321]
182064	0	80	[77B, 777, 757, 320, 330, 319, 321, 333]
182066	1	70	[77B, 777, 757, 320, 319, 330, 321]
182067	1	70	[735, 757, 77B, 777, 330, 320, 319, 733, 738, 321]
182068	1	70	[77B, 777, 757, 320, 330, 319, 321, 333]
182070	1	70	[77B, 777, 757, 320, 330, 319, 321, 333]
182072	2	60	[77B, 321, 777, 757, 320, 319, 330, 333]
182074	1	70	[77B, 777, 757, 320, 330, 319, 738, 733, 321]
182076	1	70	[77B, 777, 757, 320, 330, 319, 321]
182079	0	80	[77B, 777, 757, 320, 330, 319, 321]
182081	1	70	[77B, 777, 757, 320, EM4, 319, 330, 321, 333]
182082	1	70	[77B, 777, 757, 320, 330, 319]
182083	1	70	[77B, 777, 757, 320, 330, 319, 321]
182084	1	70	[333, 77B, 777, 757, 320, 319, 330]
182085	1	70	[733, 738, 77B, 777, 757, 320, 330, 319, 321, 333]
182086	1	70	[777, 77B, 757, 330, 320, 319, 333, 321]
182091	1	70	[77B, 777, 757, 320, 330, 319, 321]
182093	2	60	[EM4, 77B, 777, 757, 320, 330, 319, 321]
182097	2	60	[77B, 777, 757, 320, 319, 321, 333]
182098	1	70	[77B, 777, 757, 320, 319, 330, 321, 333]
182100	1	70	[77B, 777, 757, 320, 330, 319, 333, 321]
182104	1	70	[77B, 777, 757, 320, 330, 319, 321, 333]
182107	1	70	[333, 77B, 777, 757, 320, 330, 319, 321]
182108	3	50	[77B, 777, 757, 320, 330, 319, 321, 333]
182111	2	60	[77B, 777, 757, 320, 319, 321]
182116	3	50	[77B, 777, 757, 320, 319, 321]
182117	1	70	[320, 757, 777, 77B, 330, 319, 333]
182118	2	60	[77B, 777, 757, 320, 319, 321]
182119	1	70	[77B, 777, 757, 320, 330, 319, 321, 333]
182123	2	60	[77B, 777, 757, 320, 330, 319, 321, 333]
182124	1	70	[77B, 777, 757, 320, 330, 319]
182126	2	60	[77B, 777, 757, 320, 330, 319, 333, 321]
182129	0	80	[77B, 777, 757, 320, 330, 319]
182130	1	70	[77B, 777, 757, 320, 330, 319, 321, 333]
182131	0	80	[77B, 777, 757, 320, 330, 319, 321, 333]
182133	0	80	[333, 77B, 777, 757, 320, 319, 330, 321]
182134	0	80	[77B, 777, 757, 320, 321, 330, 319, 333]
182135	0	80	[77B, 777, 757, 320, 319, 330, 321]
182136	0	80	[77B, 777, 757, 320, 330, 319, 333, 321]
182137	0	80	[77B, 777, 757, 320, 319, 330]
182138	0	80	[77B, 777, 757, 320, 330, 319, 321, 333]
182139	1	70	[77B, 777, 757, 320, 330, 319, 321]
182140	0	80	[77B, 777, 757, 320, 330, 319, 321, 333]
182141	0	80	[77B, 777, 757, 320, 319, 330, 321]
182142	2	60	[77B, 777, 757, 320, 330, 319, 333, 321]
182143	1	70	[77B, 777, 757, 320, 330, 319]
182145	1	70	[77B, 777, 757, 320, 319, 321]
182147	0	80	[77B, 777, 757, 320, 330, 319, 321]
182148	1	70	[77B, 777, 757, 320, 319, 330, 321, 333]
182149	1	70	[77B, 777, 757, 320, 330, 319, 321]
182152	0	80	[77B, 777, 757, 320, 330, 319, 333, 321]
182153	0	80	[77B, 777, 757, 320, 330, 319, 321]
182157	0	80	[77B, 777, 757, 320, 330, 319, 321, 333]
182159	0	80	[77B, 777, 757, 320, 330, 319, 321, 333]
182160	0	80	[77B, 777, 757, 320, 330, 319, 321]
