151111	3	50	[320, 330, 757, 777, 77B, 319, 321]
153565	3	50	[777, 757, 330, 320, 77B, 319, 321]
154711	3	50	[320, 330, 757, 777, 77B, 319, 321]
181296	4	50	[777, 77B, 757, 320, 330, 319, 321, 333]
181455	1	70	[77B, 777, 757, 320, 330, 319, 321, 333]
181866	0	80	[333, 77B, 777, 757, 320, 330, 319, 321]
181868	1	70	[77B, 777, 757, 320, 330, 319, 321]
181869	0	80	[319, 77B, 777, 757, 320, 330, 321]
181874	1	70	[77B, 777, 757, 320, 330, 319, 321, 333]
181875	4	50	[77B, 777, 757, 320, EM4, 330, 319, 321, 333]
