8	70	6	0	86	327	525	676	875	1050	1200	0	0
6	100	2	0	150	350	394	676	1200	0	0	0	0
7	635	0	24	172	371	768	943	1200	1275	0	0	0
8	575	6	0	86	212	324	449	622	797	1200	0	0
8	240	6	0	86	212	451	630	806	988	1200	0	0
4	110	2	0	395	677	1200	0	0	0	0	0	0
2	0	0	0	1200	0	0	0	0	0	0	0	0
3	0	2	525	675	1200	0	0	0	0	0	0	0
7	120	0	0	150	350	750	925	1200	1275	0	0	0
8	175	2	0	150	350	394	676	758	932	1200	0	0
7	370	5	41	460	633	808	983	1200	1275	0	0	0
4	175	3	41	309	435	1200	0	0	0	0	0	0
2	5	1	26	1200	0	0	0	0	0	0	0	0
5	120	0	0	150	350	1200	1275	0	0	0	0	0
2	75	0	15	1200	0	0	0	0	0	0	0	0
8	290	4	0	86	212	324	578	754	929	1200	0	0
5	105	2	525	675	761	935	1200	0	0	0	0	0
2	85	1	42	1200	0	0	0	0	0	0	0	0
3	120	0	0	1200	1275	0	0	0	0	0	0	0
6	0	0	0	150	350	750	925	1200	0	0	0	0
4	140	2	0	665	863	1200	0	0	0	0	0	0
4	0	0	0	150	350	1200	0	0	0	0	0	0
4	250	0	23	167	935	1200	0	0	0	0	0	0
4	260	2	5	148	299	1200	0	0	0	0	0	0
2	0	1	25	1200	0	0	0	0	0	0	0	0
8	455	6	0	86	212	475	449	622	797	1200	0	0
3	240	1	49	1200	1275	0	0	0	0	0	0	0
7	440	4	14	300	299	497	779	1200	1275	0	0	0
3	160	0	8	1200	1275	0	0	0	0	0	0	0
2	115	0	23	1200	0	0	0	0	0	0	0	0
2	25	0	5	1200	0	0	0	0	0	0	0	0
4	210	3	40	240	512	1200	0	0	0	0	0	0
5	130	0	1	151	350	1200	1275	0	0	0	0	0
8	390	4	0	133	190	392	676	769	943	1200	0	0
4	255	2	19	665	867	1200	0	0	0	0	0	0
4	0	0	0	750	925	1200	0	0	0	0	0	0
8	405	4	1	87	216	455	638	766	943	1200	0	0
6	0	2	0	150	350	550	725	1200	0	0	0	0
4	105	2	0	256	415	1200	0	0	0	0	0	0
5	125	0	1	150	350	1200	1275	0	0	0	0	0
4	120	2	525	675	1200	1275	0	0	0	0	0	0
3	125	0	1	1200	1275	0	0	0	0	0	0	0
4	115	2	0	86	212	1200	0	0	0	0	0	0
2	5	0	1	1200	0	0	0	0	0	0	0	0
2	95	0	19	1200	0	0	0	0	0	0	0	0
7	365	0	22	164	363	750	925	1200	1275	0	0	0
5	130	2	525	677	761	938	1200	0	0	0	0	0
7	400	0	1	153	370	765	942	1200	1275	0	0	0
4	185	2	530	683	1200	1275	0	0	0	0	0	0
8	215	6	0	133	189	386	675	805	980	1200	0	0
4	0	3	25	225	500	1200	0	0	0	0	0	0
4	245	2	1	149	299	1200	0	0	0	0	0	0
4	295	2	542	693	1200	1275	0	0	0	0	0	0
4	5	0	1	150	350	1200	0	0	0	0	0	0
6	390	2	535	684	767	943	1200	1275	0	0	0	0
2	120	0	24	1200	0	0	0	0	0	0	0	0
6	280	0	1	169	371	752	938	1200	0	0	0	0
6	0	4	0	450	625	875	1050	1200	0	0	0	0
7	280	0	0	150	350	765	942	1200	1275	0	0	0
8	390	4	0	90	216	384	676	769	943	1200	0	0
5	350	3	42	494	985	1200	1275	0	0	0	0	0
5	285	1	37	170	926	1200	1275	0	0	0	0	0
8	55	6	0	86	325	525	675	875	1050	1200	0	0
6	505	2	14	169	370	574	749	1200	0	0	0	0
8	345	6	2	91	217	480	584	810	985	1200	0	0
6	230	2	0	150	370	563	738	1200	0	0	0	0
7	120	2	0	150	350	875	1050	1200	1275	0	0	0
3	130	1	27	1200	1275	0	0	0	0	0	0	0
3	145	2	540	689	1200	0	0	0	0	0	0	0
6	140	2	0	150	350	489	589	1200	0	0	0	0
6	100	1	32	157	356	750	925	1200	0	0	0	0
5	250	3	49	877	1050	1200	1275	0	0	0	0	0
7	125	0	1	150	350	750	925	1200	1275	0	0	0
3	215	1	44	1200	1275	0	0	0	0	0	0	0
8	355	4	0	86	212	475	449	762	937	1200	0	0
4	300	3	37	574	749	1200	0	0	0	0	0	0
2	10	1	27	1200	0	0	0	0	0	0	0	0
8	245	6	2	90	217	386	679	825	1025	1200	0	0
7	390	1	25	150	371	765	943	1200	1275	0	0	0
6	365	5	26	146	296	399	681	1200	0	0	0	0
6	365	5	25	99	677	674	873	1200	0	0	0	0
4	105	2	1	87	683	1200	0	0	0	0	0	0
3	105	2	527	694	1200	0	0	0	0	0	0	0
2	105	0	21	1200	0	0	0	0	0	0	0	0
5	210	2	1	231	861	1200	1275	0	0	0	0	0
2	45	1	34	1200	0	0	0	0	0	0	0	0
6	5	0	1	150	350	750	925	1200	0	0	0	0
8	475	4	1	87	215	492	592	767	941	1200	0	0
6	425	2	24	399	681	764	942	1200	0	0	0	0
2	65	0	13	1200	0	0	0	0	0	0	0	0
2	60	0	12	1200	0	0	0	0	0	0	0	0
2	25	1	30	1200	0	0	0	0	0	0	0	0
7	395	0	1	161	364	762	942	1200	1275	0	0	0
6	125	2	1	150	350	550	749	1200	0	0	0	0
4	325	2	543	698	1200	1275	0	0	0	0	0	0
4	340	2	545	699	1200	1275	0	0	0	0	0	0
6	365	5	39	317	442	812	988	1200	0	0	0	0
4	105	2	0	235	861	1200	0	0	0	0	0	0
7	420	5	49	399	685	877	1050	1200	1275	0	0	0
4	40	0	7	151	350	1200	0	0	0	0	0	0
7	445	4	1	134	299	497	984	1200	1275	0	0	0
7	125	0	0	150	351	750	925	1200	1275	0	0	0
5	275	0	0	157	374	1200	1275	0	0	0	0	0
7	125	4	0	475	575	800	976	1200	1275	0	0	0
4	115	0	1	161	361	1200	0	0	0	0	0	0
5	295	2	0	265	745	1200	1275	0	0	0	0	0
6	0	3	25	150	350	550	725	1200	0	0	0	0
5	365	0	1	174	374	1200	1275	0	0	0	0	0
4	60	0	0	150	362	1200	0	0	0	0	0	0
4	55	0	1	153	357	1200	0	0	0	0	0	0
4	315	2	24	390	699	1200	0	0	0	0	0	0
4	45	0	1	151	932	1200	0	0	0	0	0	0
3	135	2	538	689	1200	0	0	0	0	0	0	0
6	505	2	10	169	374	574	749	1200	0	0	0	0
7	480	4	0	146	296	399	681	1200	1275	0	0	0
2	30	0	6	1200	0	0	0	0	0	0	0	0
7	280	3	26	378	679	762	937	1200	1275	0	0	0
6	5	0	0	150	350	750	926	1200	0	0	0	0
4	100	1	32	157	356	1200	0	0	0	0	0	0
8	595	6	0	86	212	324	449	624	799	1200	0	0
6	355	4	0	86	212	324	449	1200	0	0	0	0
8	475	6	0	86	212	324	449	800	799	1200	0	0
4	55	0	3	150	933	1200	0	0	0	0	0	0
4	105	3	31	305	585	1200	0	0	0	0	0	0
5	170	2	527	679	761	942	1200	0	0	0	0	0
6	325	2	0	169	370	563	738	1200	0	0	0	0
4	250	1	42	167	366	1200	0	0	0	0	0	0
2	15	0	3	1200	0	0	0	0	0	0	0	0
4	260	2	539	689	1200	1275	0	0	0	0	0	0
7	390	0	21	163	364	750	931	1200	1275	0	0	0
5	270	1	34	761	935	1200	1275	0	0	0	0	0
4	315	0	15	174	374	1200	0	0	0	0	0	0
7	565	4	12	98	224	489	991	1200	1275	0	0	0
4	220	2	24	310	435	1200	0	0	0	0	0	0
7	265	2	1	150	350	489	589	1200	1275	0	0	0
6	210	2	0	86	681	763	937	1200	0	0	0	0
6	105	2	1	150	350	394	676	1200	0	0	0	0
5	255	2	1	452	649	1200	1275	0	0	0	0	0
6	60	0	3	151	353	753	927	1200	0	0	0	0
6	60	4	0	253	407	800	977	1200	0	0	0	0
8	310	2	4	152	352	398	681	763	937	1200	0	0
6	235	4	0	86	212	475	449	1200	0	0	0	0
7	270	0	1	150	350	765	939	1200	1275	0	0	0
7	510	0	0	172	371	768	942	1200	1275	0	0	0
6	0	1	25	150	350	750	925	1200	0	0	0	0
6	220	0	1	150	359	767	942	1200	0	0	0	0
7	365	4	13	99	685	877	1050	1200	1275	0	0	0
4	60	2	0	256	406	1200	0	0	0	0	0	0
6	170	2	3	151	350	556	749	1200	0	0	0	0
4	0	2	0	225	500	1200	0	0	0	0	0	0
8	235	4	0	86	212	324	575	750	925	1200	0	0
7	435	4	0	86	224	489	589	1200	1275	0	0	0
5	455	0	24	169	374	1200	1275	0	0	0	0	0
3	5	2	525	676	1200	0	0	0	0	0	0	0
3	195	0	15	1200	1275	0	0	0	0	0	0	0
7	295	4	16	300	592	877	1050	1200	1275	0	0	0
5	220	2	0	250	745	1200	1275	0	0	0	0	0
7	265	2	1	150	350	658	870	1200	1275	0	0	0
6	125	2	1	134	190	750	925	1200	0	0	0	0
8	315	7	26	96	222	390	678	876	1050	1200	0	0
8	180	4	0	88	214	453	626	753	927	1200	0	0
6	355	2	8	150	369	620	799	1200	0	0	0	0
4	40	2	7	825	1026	1200	0	0	0	0	0	0
6	225	2	14	163	363	800	980	1200	0	0	0	0
4	170	2	17	301	441	1200	0	0	0	0	0	0
4	245	2	1	274	424	1200	0	0	0	0	0	0
3	170	2	538	696	1200	0	0	0	0	0	0	0
3	195	1	40	1200	1275	0	0	0	0	0	0	0
6	130	2	0	150	350	563	738	1200	0	0	0	0
4	265	3	32	148	298	1200	0	0	0	0	0	0
4	0	0	0	150	925	1200	0	0	0	0	0	0
4	130	0	1	152	373	1200	0	0	0	0	0	0
4	130	3	37	385	679	1200	0	0	0	0	0	0
6	175	2	1	317	442	750	925	1200	0	0	0	0
6	215	2	0	313	442	750	938	1200	0	0	0	0
6	215	0	8	150	372	750	938	1200	0	0	0	0
6	365	2	527	686	768	943	1200	1275	0	0	0	0
5	0	4	525	675	825	1025	1200	0	0	0	0	0
7	400	4	1	140	291	497	777	1200	1275	0	0	0
4	245	3	36	618	795	1200	0	0	0	0	0	0
5	15	4	526	675	827	1025	1200	0	0	0	0	0
6	145	0	0	155	374	750	925	1200	0	0	0	0
4	55	0	1	150	360	1200	0	0	0	0	0	0
4	40	0	0	150	933	1200	0	0	0	0	0	0
4	170	2	21	484	779	1200	0	0	0	0	0	0
4	65	0	0	150	363	1200	0	0	0	0	0	0
3	95	2	530	689	1200	0	0	0	0	0	0	0
6	575	2	24	169	374	574	749	1200	0	0	0	0
4	160	2	0	665	867	1200	0	0	0	0	0	0
5	280	0	0	764	943	1200	1275	0	0	0	0	0
3	170	2	536	698	1200	0	0	0	0	0	0	0
3	180	2	538	698	1200	0	0	0	0	0	0	0
4	330	2	545	697	1200	1275	0	0	0	0	0	0
6	195	2	1	151	357	497	783	1200	0	0	0	0
8	545	4	7	97	223	488	588	765	941	1200	0	0
4	245	2	1	499	799	1200	0	0	0	0	0	0
6	215	2	1	87	217	750	938	1200	0	0	0	0
7	275	2	1	378	679	761	937	1200	1275	0	0	0
6	120	2	1	150	354	494	775	1200	0	0	0	0
5	220	4	530	683	815	991	1200	0	0	0	0	0
8	870	8	6	149	299	499	599	774	949	1174	0	0
3	175	3	10	315	1135	0	0	0	0	0	0	0
4	475	2	24	249	524	1023	0	0	0	0	0	0
5	355	5	0	86	212	324	449	0	0	0	0	0
2	0	0	25	1175	0	0	0	0	0	0	0	0
2	0	1	0	225	0	0	0	0	0	0	0	0
2	0	0	25	225	0	0	0	0	0	0	0	0
3	215	2	538	698	1182	0	0	0	0	0	0	0
8	455	8	0	86	212	324	449	750	925	1020	0	0
3	200	3	21	883	1061	0	0	0	0	0	0	0
3	270	3	24	458	647	0	0	0	0	0	0	0
2	0	1	0	650	0	0	0	0	0	0	0	0
4	110	3	29	480	778	1010	0	0	0	0	0	0
3	145	3	537	715	1278	0	0	0	0	0	0	0
4	150	4	527	696	1003	1129	0	0	0	0	0	0
2	90	2	0	1269	0	0	0	0	0	0	0	0
2	0	1	0	1175	0	0	0	0	0	0	0	0
2	65	2	0	88	0	0	0	0	0	0	0	0
6	175	6	0	133	189	825	1025	1163	0	0	0	0
2	180	1	44	842	0	0	0	0	0	0	0	0
5	0	5	0	375	675	825	1025	0	0	0	0	0
2	95	1	25	94	0	0	0	0	0	0	0	0
3	155	3	533	1084	1290	0	0	0	0	0	0	0
2	0	0	25	650	0	0	0	0	0	0	0	0
7	590	5	12	98	224	392	675	672	870	0	0	0
8	655	7	45	173	372	612	788	1011	1136	1220	0	0
6	465	6	0	86	212	324	449	622	0	0	0	0
3	190	1	0	241	522	0	0	0	0	0	0	0
2	55	2	0	86	0	0	0	0	0	0	0	0
2	120	0	25	249	0	0	0	0	0	0	0	0
3	110	3	0	393	704	0	0	0	0	0	0	0
4	70	1	31	228	504	801	0	0	0	0	0	0
3	250	0	44	242	514	0	0	0	0	0	0	0
2	90	0	25	1193	0	0	0	0	0	0	0	0
8	450	8	2	139	290	600	781	890	1068	1221	0	0
2	95	1	37	457	0	0	0	0	0	0	0	0
8	495	6	0	86	212	324	449	665	863	1201	0	0
4	190	4	527	681	815	990	0	0	0	0	0	0
3	45	3	0	300	434	0	0	0	0	0	0	0
3	110	3	0	133	189	0	0	0	0	0	0	0
4	165	4	0	86	714	908	0	0	0	0	0	0
7	260	7	0	88	217	456	629	804	1133	0	0	0
2	80	1	25	1267	0	0	0	0	0	0	0	0
3	145	3	0	133	196	0	0	0	0	0	0	0
6	375	6	0	133	192	489	593	818	0	0	0	0
2	30	1	25	1232	0	0	0	0	0	0	0	0
2	175	1	42	1244	0	0	0	0	0	0	0	0
2	90	1	29	1265	0	0	0	0	0	0	0	0
2	185	2	914	1098	0	0	0	0	0	0	0	0
4	145	4	0	86	212	481	0	0	0	0	0	0
5	370	5	11	147	431	616	794	0	0	0	0	0
5	145	5	0	86	212	451	630	0	0	0	0	0
2	100	2	3	1167	0	0	0	0	0	0	0	0
5	310	3	12	230	508	822	1140	0	0	0	0	0
5	355	2	44	241	514	1011	1136	0	0	0	0	0
3	265	3	13	271	744	0	0	0	0	0	0	0
4	0	0	25	225	500	650	0	0	0	0	0	0
2	115	1	25	98	0	0	0	0	0	0	0	0
2	0	2	0	150	0	0	0	0	0	0	0	0
4	40	4	6	950	1100	1253	0	0	0	0	0	0
3	105	3	525	675	1222	0	0	0	0	0	0	0
8	480	8	11	97	335	533	683	768	942	1203	0	0
2	75	0	28	1187	0	0	0	0	0	0	0	0
5	260	5	14	300	436	620	982	0	0	0	0	0
3	20	3	902	1077	1276	0	0	0	0	0	0	0
5	485	4	44	265	415	574	749	0	0	0	0	0
2	45	2	905	1079	0	0	0	0	0	0	0	0
7	555	5	15	258	421	660	859	1024	1149	0	0	0
2	35	1	25	1208	0	0	0	0	0	0	0	0
8	230	7	0	133	189	386	675	757	931	1175	0	0
5	520	5	549	699	1016	1141	1225	0	0	0	0	0
3	280	3	14	168	374	0	0	0	0	0	0	0
8	415	7	12	98	224	602	777	1000	1125	1195	0	0
2	175	0	37	1198	0	0	0	0	0	0	0	0
3	105	3	0	134	287	0	0	0	0	0	0	0
3	165	3	531	721	1282	0	0	0	0	0	0	0
3	260	0	29	249	524	0	0	0	0	0	0	0
4	0	1	0	225	850	1175	0	0	0	0	0	0
4	0	4	0	150	350	550	0	0	0	0	0	0
2	60	1	12	225	0	0	0	0	0	0	0	0
3	60	3	525	685	877	0	0	0	0	0	0	0
2	125	2	911	1089	0	0	0	0	0	0	0	0
3	0	0	25	225	500	0	0	0	0	0	0	0
5	600	5	549	724	924	1099	1300	0	0	0	0	0
3	20	3	0	450	1054	0	0	0	0	0	0	0
6	490	6	2	135	191	399	1099	1298	0	0	0	0
4	145	3	25	141	778	1010	0	0	0	0	0	0
7	395	5	10	147	434	652	852	1017	1142	0	0	0
3	235	3	537	690	1020	0	0	0	0	0	0	0
4	415	0	38	247	874	1199	0	0	0	0	0	0
2	185	2	543	1094	0	0	0	0	0	0	0	0
2	135	0	31	671	0	0	0	0	0	0	0	0
5	520	0	33	249	524	674	874	0	0	0	0	0
3	360	3	924	1099	1300	0	0	0	0	0	0	0
2	120	1	38	1262	0	0	0	0	0	0	0	0
2	170	1	38	396	0	0	0	0	0	0	0	0
2	50	1	25	385	0	0	0	0	0	0	0	0
4	55	0	31	229	501	650	0	0	0	0	0	0
8	145	8	0	86	212	475	575	752	927	1203	0	0
2	100	1	25	95	0	0	0	0	0	0	0	0
7	410	5	0	133	189	457	631	673	874	0	0	0
2	100	1	1	1194	0	0	0	0	0	0	0	0
8	625	8	9	98	224	464	639	817	994	1256	0	0
5	280	5	8	497	775	1004	1147	0	0	0	0	0
5	0	3	0	225	500	800	1125	0	0	0	0	0
3	230	3	917	1091	1289	0	0	0	0	0	0	0
2	15	1	25	1229	0	0	0	0	0	0	0	0
4	110	4	531	680	950	1111	0	0	0	0	0	0
3	75	3	0	300	1140	0	0	0	0	0	0	0
5	105	0	25	225	500	650	871	0	0	0	0	0
5	410	5	546	719	913	1087	1293	0	0	0	0	0
5	0	3	0	225	500	800	975	0	0	0	0	0
3	295	3	12	98	224	0	0	0	0	0	0	0
3	35	0	25	225	857	0	0	0	0	0	0	0
3	200	3	915	1089	1287	0	0	0	0	0	0	0
2	70	0	25	664	0	0	0	0	0	0	0	0
8	905	8	13	99	349	549	724	924	1099	1300	0	0
2	130	2	7	169	0	0	0	0	0	0	0	0
3	115	0	40	650	858	0	0	0	0	0	0	0
3	100	3	536	1080	1280	0	0	0	0	0	0	0
8	285	8	1	87	217	391	700	904	1080	1278	0	0
2	35	0	32	650	0	0	0	0	0	0	0	0
5	295	5	546	697	1003	1128	1261	0	0	0	0	0
2	115	1	25	398	0	0	0	0	0	0	0	0
3	155	2	25	141	990	0	0	0	0	0	0	0
8	380	6	0	86	212	650	850	1015	1140	1224	0	0
3	10	3	0	452	1050	0	0	0	0	0	0	0
3	220	2	25	95	349	0	0	0	0	0	0	0
4	30	0	26	226	501	653	0	0	0	0	0	0
2	130	2	13	1264	0	0	0	0	0	0	0	0
2	55	2	0	1262	0	0	0	0	0	0	0	0
3	170	3	540	709	910	0	0	0	0	0	0	0
3	175	2	536	692	1182	0	0	0	0	0	0	0
3	190	2	25	141	797	0	0	0	0	0	0	0
6	460	6	8	94	337	541	690	772	0	0	0	0
5	0	1	0	225	500	650	850	0	0	0	0	0
3	190	2	27	149	987	0	0	0	0	0	0	0
5	235	5	0	86	212	475	449	0	0	0	0	0
4	0	1	0	225	500	650	0	0	0	0	0	0
7	45	7	0	251	401	553	729	1000	1125	0	0	0
6	180	5	32	305	432	605	780	957	0	0	0	0
2	100	0	27	1193	0	0	0	0	0	0	0	0
4	65	4	0	300	778	1010	0	0	0	0	0	0
6	180	0	38	234	506	655	853	1175	0	0	0	0
2	90	1	25	1269	0	0	0	0	0	0	0	0
3	340	2	46	574	1123	0	0	0	0	0	0	0
6	190	3	0	133	193	650	850	1187	0	0	0	0
5	5	1	1	225	500	650	850	0	0	0	0	0
4	235	3	44	386	709	1284	0	0	0	0	0	0
4	195	4	10	385	712	1283	0	0	0	0	0	0
4	0	0	25	225	500	1175	0	0	0	0	0	0
6	720	5	49	399	724	924	1099	1300	0	0	0	0
2	240	1	49	1275	0	0	0	0	0	0	0	0
8	590	8	12	156	370	566	741	1014	1139	1271	0	0
2	160	0	33	249	0	0	0	0	0	0	0	0
8	690	8	0	86	212	324	449	622	797	973	0	0
7	370	7	1	87	213	476	576	623	798	0	0	0
7	495	5	0	86	212	324	449	665	863	0	0	0
8	410	8	0	86	212	479	591	881	1067	1267	0	0
3	170	2	27	271	1111	0	0	0	0	0	0	0
3	130	2	25	141	585	0	0	0	0	0	0	0
3	0	3	0	150	350	0	0	0	0	0	0	0
5	300	5	528	719	914	1088	1287	0	0	0	0	0
5	145	5	1	802	977	1150	1149	0	0	0	0	0
5	105	0	26	226	501	651	867	0	0	0	0	0
7	495	6	26	96	223	607	790	966	1116	0	0	0
3	85	2	25	250	1117	0	0	0	0	0	0	0
2	85	2	1	766	0	0	0	0	0	0	0	0
2	65	2	1	812	0	0	0	0	0	0	0	0
2	100	2	1	1169	0	0	0	0	0	0	0	0
2	75	2	0	140	0	0	0	0	0	0	0	0
2	105	1	25	1222	0	0	0	0	0	0	0	0
5	270	0	26	225	511	670	872	0	0	0	0	0
3	75	0	25	225	515	0	0	0	0	0	0	0
6	260	5	25	94	329	526	717	1287	0	0	0	0
2	125	2	913	1087	0	0	0	0	0	0	0	0
6	425	6	14	251	737	894	1067	1223	0	0	0	0
6	0	0	25	225	500	650	850	1175	0	0	0	0
3	125	3	1	134	190	0	0	0	0	0	0	0
3	50	0	27	230	503	0	0	0	0	0	0	0
6	195	4	38	383	675	806	982	1180	0	0	0	0
3	345	2	49	399	696	0	0	0	0	0	0	0
2	80	2	0	466	0	0	0	0	0	0	0	0
2	225	1	49	396	0	0	0	0	0	0	0	0
8	470	8	7	158	358	603	780	891	1073	1250	0	0
6	0	1	0	225	500	650	850	1175	0	0	0	0
4	320	2	4	245	872	1168	0	0	0	0	0	0
5	55	3	1	225	500	605	1130	0	0	0	0	0
7	455	7	0	86	212	324	575	622	797	0	0	0
5	130	5	1	87	213	550	725	0	0	0	0	0
5	340	2	527	676	674	872	1194	0	0	0	0	0
5	370	2	27	238	523	843	1043	0	0	0	0	0
6	540	6	22	268	418	567	742	966	0	0	0	0
2	60	2	2	135	0	0	0	0	0	0	0	0
3	115	3	0	381	692	0	0	0	0	0	0	0
5	0	0	25	225	500	650	850	0	0	0	0	0
5	240	5	528	692	953	1105	1246	0	0	0	0	0
2	10	2	0	452	0	0	0	0	0	0	0	0
2	95	2	2	92	0	0	0	0	0	0	0	0
2	65	2	0	763	0	0	0	0	0	0	0	0
4	210	4	139	431	802	1145	0	0	0	0	0	0
8	465	7	75	201	266	416	613	788	1011	1148	0	0
2	0	0	75	700	0	0	0	0	0	0	0	0
7	450	2	77	213	394	713	916	1090	1288	0	0	0
2	65	0	85	328	0	0	0	0	0	0	0	0
6	675	5	96	222	496	599	849	1048	0	0	0	0
2	0	0	75	1075	0	0	0	0	0	0	0	0
6	610	6	145	442	571	747	971	1121	0	0	0	0
4	0	0	75	325	525	700	0	0	0	0	0	0
7	0	0	75	325	525	700	900	1075	1276	0	0	0
2	190	2	815	1148	0	0	0	0	0	0	0	0
2	95	1	94	675	0	0	0	0	0	0	0	0
3	45	1	378	701	905	0	0	0	0	0	0	0
5	350	5	484	586	961	1116	1274	0	0	0	0	0
2	90	2	877	1066	0	0	0	0	0	0	0	0
6	315	5	75	201	313	439	565	745	0	0	0	0
3	185	0	86	710	1292	0	0	0	0	0	0	0
2	0	0	75	325	0	0	0	0	0	0	0	0
2	100	2	610	785	0	0	0	0	0	0	0	0
7	125	0	75	325	525	700	900	1089	1287	0	0	0
2	145	2	145	434	0	0	0	0	0	0	0	0
2	20	2	825	1029	0	0	0	0	0	0	0	0
3	0	0	75	325	1276	0	0	0	0	0	0	0
7	455	3	136	194	399	715	909	1083	1281	0	0	0
7	0	7	125	275	450	625	800	975	1150	0	0	0
2	5	2	150	351	0	0	0	0	0	0	0	0
3	0	2	75	675	825	0	0	0	0	0	0	0
2	115	2	268	730	0	0	0	0	0	0	0	0
7	45	0	75	325	525	700	900	1075	1285	0	0	0
3	40	1	376	704	1279	0	0	0	0	0	0	0
3	240	0	89	341	1294	0	0	0	0	0	0	0
7	460	6	75	201	171	370	563	738	849	0	0	0
2	0	2	125	275	0	0	0	0	0	0	0	0
2	30	2	150	931	0	0	0	0	0	0	0	0
3	350	3	624	799	1197	0	0	0	0	0	0	0
6	390	3	130	283	394	719	914	1088	0	0	0	0
2	75	2	551	739	0	0	0	0	0	0	0	0
7	820	7	149	299	498	598	899	1072	1275	0	0	0
2	110	2	125	447	0	0	0	0	0	0	0	0
2	0	2	600	775	0	0	0	0	0	0	0	0
2	35	2	150	357	0	0	0	0	0	0	0	0
4	210	3	75	201	171	370	0	0	0	0	0	0
2	160	1	384	1098	0	0	0	0	0	0	0	0
4	25	4	125	275	450	630	0	0	0	0	0	0
2	130	2	274	1102	0	0	0	0	0	0	0	0
4	5	0	75	325	526	1075	0	0	0	0	0	0
3	95	0	75	325	1295	0	0	0	0	0	0	0
2	75	1	75	215	0	0	0	0	0	0	0	0
2	50	2	253	407	0	0	0	0	0	0	0	0
6	60	6	125	275	378	684	950	1100	0	0	0	0
3	110	2	75	201	171	0	0	0	0	0	0	0
6	340	5	75	201	171	925	973	1123	0	0	0	0
2	170	0	91	718	0	0	0	0	0	0	0	0
3	270	2	92	694	1244	0	0	0	0	0	0	0
8	590	7	75	201	171	370	563	740	1024	1149	0	0
2	75	0	78	1087	0	0	0	0	0	0	0	0
5	205	5	133	189	457	630	757	0	0	0	0	0
3	360	1	399	1099	1300	0	0	0	0	0	0	0
2	50	0	78	332	0	0	0	0	0	0	0	0
3	80	3	266	725	950	0	0	0	0	0	0	0
3	50	3	227	500	608	0	0	0	0	0	0	0
6	475	6	149	299	551	726	821	1149	0	0	0	0
6	415	5	77	203	173	372	659	874	0	0	0	0
3	105	2	75	675	1196	0	0	0	0	0	0	0
2	0	2	125	575	0	0	0	0	0	0	0	0
2	0	2	800	975	0	0	0	0	0	0	0	0
3	25	2	75	675	1231	0	0	0	0	0	0	0
2	110	1	93	679	0	0	0	0	0	0	0	0
3	0	0	75	325	525	0	0	0	0	0	0	0
4	345	4	125	124	322	998	0	0	0	0	0	0
6	375	5	78	204	270	420	569	1109	0	0	0	0
2	110	2	125	1147	0	0	0	0	0	0	0	0
6	0	0	75	325	525	700	900	1075	0	0	0	0
3	50	2	75	675	760	0	0	0	0	0	0	0
3	25	3	801	978	1176	0	0	0	0	0	0	0
4	235	4	490	590	875	1067	0	0	0	0	0	0
4	210	4	131	196	651	864	0	0	0	0	0	0
8	520	7	81	207	320	446	750	928	1023	1149	0	0
3	0	0	75	700	900	0	0	0	0	0	0	0
2	135	2	835	1042	0	0	0	0	0	0	0	0
2	130	0	83	343	0	0	0	0	0	0	0	0
5	475	4	98	224	463	639	846	0	0	0	0	0
2	125	2	879	1071	0	0	0	0	0	0	0	0
7	840	0	99	349	549	724	924	1099	1300	0	0	0
8	565	7	75	201	171	370	563	738	898	1072	0	0
2	240	1	399	1099	0	0	0	0	0	0	0	0
3	255	2	93	698	1010	0	0	0	0	0	0	0
8	530	7	75	201	171	370	610	785	848	1046	0	0
8	315	7	89	215	454	627	802	977	1150	1149	0	0
2	95	0	84	335	0	0	0	0	0	0	0	0
3	40	0	75	325	908	0	0	0	0	0	0	0
4	320	3	95	222	835	1037	0	0	0	0	0	0
3	120	3	125	194	1256	0	0	0	0	0	0	0
2	175	2	142	293	0	0	0	0	0	0	0	0
2	55	0	75	1086	0	0	0	0	0	0	0	0
2	140	0	95	1083	0	0	0	0	0	0	0	0
2	25	2	250	730	0	0	0	0	0	0	0	0
5	220	5	151	350	394	676	673	0	0	0	0	0
2	70	0	75	1089	0	0	0	0	0	0	0	0
8	465	7	75	202	267	417	613	788	965	1116	0	0
5	0	0	75	325	525	700	1276	0	0	0	0	0
8	815	7	86	212	324	449	622	797	974	1124	0	0
8	190	8	126	182	477	577	800	977	1150	1149	0	0
3	210	3	238	859	1246	0	0	0	0	0	0	0
4	340	4	613	788	897	1070	0	0	0	0	0	0
3	125	3	1007	1132	1262	0	0	0	0	0	0	0
7	0	4	75	325	525	675	825	1025	1201	0	0	0
7	5	6	75	201	375	675	825	1025	1201	0	0	0
3	175	2	75	213	1248	0	0	0	0	0	0	0
8	545	7	75	201	171	370	610	785	849	1048	0	0
7	820	7	147	299	474	647	774	949	1174	0	0	0
2	0	1	375	700	0	0	0	0	0	0	0	0
7	415	6	75	201	171	370	563	738	1015	0	0	0
2	120	2	1150	1149	0	0	0	0	0	0	0	0
4	115	0	75	325	525	723	0	0	0	0	0	0
4	65	2	78	206	377	702	0	0	0	0	0	0
2	190	2	319	444	0	0	0	0	0	0	0	0
4	0	0	75	325	525	1075	0	0	0	0	0	0
8	840	8	125	124	324	449	624	799	1024	1149	0	0
2	190	1	89	224	0	0	0	0	0	0	0	0
6	340	5	75	201	171	370	563	738	0	0	0	0
5	400	5	131	299	763	940	1197	0	0	0	0	0
4	210	4	131	188	385	688	0	0	0	0	0	0
8	240	8	131	281	479	579	802	977	1150	1149	0	0
4	180	0	91	325	539	706	0	0	0	0	0	0
2	0	1	75	675	0	0	0	0	0	0	0	0
3	145	2	79	205	270	0	0	0	0	0	0	0
2	40	2	828	1030	0	0	0	0	0	0	0	0
8	570	7	76	202	172	371	564	739	896	1069	0	0
2	120	2	125	124	0	0	0	0	0	0	0	0
2	205	2	771	945	0	0	0	0	0	0	0	0
3	80	0	75	325	1292	0	0	0	0	0	0	0
7	355	7	126	277	454	628	673	871	1218	0	0	0
6	585	5	76	224	399	699	898	1071	0	0	0	0
6	420	3	99	333	532	686	837	1047	0	0	0	0
3	175	3	132	295	833	0	0	0	0	0	0	0
4	100	3	76	204	803	987	0	0	0	0	0	0
4	45	3	126	276	381	1076	0	0	0	0	0	0
5	0	0	75	325	525	700	900	0	0	0	0	0
6	360	5	75	222	624	977	1150	1149	0	0	0	0
5	485	0	76	724	924	1099	1300	0	0	0	0	0
4	40	1	75	325	525	683	0	0	0	0	0	0
8	720	8	126	182	323	448	621	796	1024	1149	0	0
7	40	0	75	325	525	704	900	1075	1280	0	0	0
5	0	2	75	325	525	675	1000	0	0	0	0	0
3	220	3	139	589	1217	0	0	0	0	0	0	0
3	100	2	77	203	315	0	0	0	0	0	0	0
3	220	3	125	124	395	0	0	0	0	0	0	0
3	220	3	827	1047	1246	0	0	0	0	0	0	0
4	15	3	76	202	475	575	0	0	0	0	0	0
3	245	0	76	1099	1300	0	0	0	0	0	0	0
2	5	0	76	325	0	0	0	0	0	0	0	0
4	0	4	125	425	600	1125	0	0	0	0	0	0
8	570	7	77	207	319	444	617	792	1015	1143	0	0
3	260	2	95	690	1268	0	0	0	0	0	0	0
6	330	6	142	427	600	775	774	948	0	0	0	0
6	280	5	78	206	324	576	825	1047	0	0	0	0
6	330	6	126	184	481	587	817	1146	0	0	0	0
5	290	0	93	331	531	715	913	0	0	0	0	0
5	360	5	148	425	664	866	1270	0	0	0	0	0
6	215	5	75	201	313	438	659	857	0	0	0	0
2	135	2	320	982	0	0	0	0	0	0	0	0
2	215	2	173	945	0	0	0	0	0	0	0	0
2	215	0	94	349	0	0	0	0	0	0	0	0
7	485	0	75	331	541	719	920	1094	1293	0	0	0
7	240	0	76	325	525	700	900	1098	1300	0	0	0
2	35	0	75	1082	0	0	0	0	0	0	0	0
8	460	7	75	201	171	370	563	738	962	1112	0	0
5	500	5	147	299	473	1065	1217	0	0	0	0	0
7	5	0	76	325	525	700	900	1075	1276	0	0	0
4	340	4	125	124	322	447	0	0	0	0	0	0
2	10	2	126	276	0	0	0	0	0	0	0	0
2	10	2	125	277	0	0	0	0	0	0	0	0
6	0	6	125	275	450	625	800	975	0	0	0	0
3	210	3	238	514	665	0	0	0	0	0	0	0
5	5	2	75	201	375	700	900	0	0	0	0	0
3	110	3	384	676	762	0	0	0	0	0	0	0
6	585	2	75	224	399	724	923	1097	0	0	0	0
3	5	2	75	201	375	0	0	0	0	0	0	0
3	45	2	75	201	833	0	0	0	0	0	0	0
2	40	2	450	633	0	0	0	0	0	0	0	0
2	120	0	76	1098	0	0	0	0	0	0	0	0
8	440	7	75	201	171	370	610	786	1009	1141	0	0
4	215	4	309	591	831	1037	0	0	0	0	0	0
5	155	1	392	703	902	1080	1280	0	0	0	0	0
2	5	2	125	1126	0	0	0	0	0	0	0	0
3	270	3	324	589	1217	0	0	0	0	0	0	0
4	170	1	83	326	529	696	0	0	0	0	0	0
5	40	0	75	327	525	701	905	0	0	0	0	0
2	45	0	75	709	0	0	0	0	0	0	0	0
6	5	0	76	325	525	700	900	1075	0	0	0	0
2	55	2	305	431	0	0	0	0	0	0	0	0
3	220	0	75	347	922	0	0	0	0	0	0	0
3	220	2	75	222	397	0	0	0	0	0	0	0
7	205	4	75	336	535	685	878	1054	1254	0	0	0
2	35	2	229	503	0	0	0	0	0	0	0	0
2	100	2	460	635	0	0	0	0	0	0	0	0
3	335	3	399	696	1172	0	0	0	0	0	0	0
6	415	5	75	203	318	444	621	797	0	0	0	0
5	300	4	76	202	172	371	564	0	0	0	0	0
3	0	1	125	275	1226	0	0	0	0	0	0	0
5	485	5	92	219	474	649	1239	0	0	0	0	0
5	355	3	136	192	497	791	1231	0	0	0	0	0
3	100	1	125	275	895	0	0	0	0	0	0	0
2	100	2	230	515	0	0	0	0	0	0	0	0
4	210	4	75	201	171	370	0	0	0	0	0	0
6	65	2	125	275	475	575	950	1113	0	0	0	0
2	0	1	125	775	0	0	0	0	0	0	0	0
7	670	1	145	296	497	597	820	996	1234	0	0	0
2	30	2	75	681	0	0	0	0	0	0	0	0
3	90	3	75	205	888	0	0	0	0	0	0	0
3	150	2	559	735	1161	0	0	0	0	0	0	0
3	265	3	94	343	541	0	0	0	0	0	0	0
6	0	0	125	275	475	575	800	975	0	0	0	0
2	120	1	125	124	0	0	0	0	0	0	0	0
4	450	2	148	298	621	798	0	0	0	0	0	0
6	230	6	75	201	171	370	653	851	0	0	0	0
8	120	1	125	275	475	575	800	975	1150	1149	0	0
2	190	2	324	1139	0	0	0	0	0	0	0	0
3	100	1	475	575	1195	0	0	0	0	0	0	0
8	705	8	79	211	323	448	621	796	1019	1144	0	0
2	0	0	125	275	0	0	0	0	0	0	0	0
3	235	1	322	984	1166	0	0	0	0	0	0	0
5	0	2	125	275	450	625	800	0	0	0	0	0
4	0	2	125	275	550	1100	0	0	0	0	0	0
4	70	2	125	275	825	1039	0	0	0	0	0	0
3	310	0	142	298	822	0	0	0	0	0	0	0
2	15	2	225	853	0	0	0	0	0	0	0	0
2	155	2	164	367	0	0	0	0	0	0	0	0
3	110	3	75	201	1196	0	0	0	0	0	0	0
3	325	2	149	1142	1250	0	0	0	0	0	0	0
5	35	2	154	353	800	975	1150	0	0	0	0	0
2	155	2	883	1073	0	0	0	0	0	0	0	0
2	110	2	882	1065	0	0	0	0	0	0	0	0
7	195	0	125	284	482	582	806	981	1154	0	0	0
7	180	2	75	215	479	580	804	980	1153	0	0	0
2	145	0	134	295	0	0	0	0	0	0	0	0
6	615	0	128	299	499	599	824	999	0	0	0	0
3	125	3	76	203	271	0	0	0	0	0	0	0
3	155	3	161	937	1234	0	0	0	0	0	0	0
6	190	5	75	201	313	586	956	1107	0	0	0	0
3	90	1	131	575	962	0	0	0	0	0	0	0
7	40	1	125	275	475	575	800	975	1234	0	0	0
8	385	6	87	213	452	625	624	977	1150	1149	0	0
4	50	3	125	181	379	675	0	0	0	0	0	0
3	95	3	385	701	908	0	0	0	0	0	0	0
2	165	2	309	1149	0	0	0	0	0	0	0	0
4	245	1	491	591	814	1128	0	0	0	0	0	0
6	370	6	75	201	319	444	617	793	0	0	0	0
2	70	2	76	213	0	0	0	0	0	0	0	0
2	105	2	879	1067	0	0	0	0	0	0	0	0
4	120	2	125	124	475	1125	0	0	0	0	0	0
4	205	3	135	193	611	1127	0	0	0	0	0	0
6	120	1	125	275	800	975	1150	1149	0	0	0	0
7	470	6	146	431	605	780	889	1072	1247	0	0	0
5	125	2	125	275	475	449	1227	0	0	0	0	0
3	0	0	125	275	475	0	0	0	0	0	0	0
5	555	5	98	224	472	645	772	0	0	0	0	0
2	120	1	300	299	0	0	0	0	0	0	0	0
8	530	8	75	201	171	370	610	785	848	1046	0	0
3	195	3	466	639	1210	0	0	0	0	0	0	0
7	230	5	126	277	382	685	1003	1131	1243	0	0	0
4	240	2	624	975	1150	1149	0	0	0	0	0	0
2	40	2	450	633	0	0	0	0	0	0	0	0
3	175	0	809	985	1166	0	0	0	0	0	0	0
7	405	7	75	201	171	370	610	785	894	0	0	0
4	255	4	77	204	247	523	0	0	0	0	0	0
3	25	0	125	275	1155	0	0	0	0	0	0	0
5	555	2	94	220	499	599	824	0	0	0	0	0
2	100	2	250	1120	0	0	0	0	0	0	0	0
3	110	1	125	275	322	0	0	0	0	0	0	0
8	335	3	90	216	479	579	802	977	1150	1149	0	0
6	340	6	75	201	171	370	563	738	0	0	0	0
4	0	0	125	275	475	575	0	0	0	0	0	0
4	20	0	125	275	475	979	0	0	0	0	0	0
3	100	3	75	325	545	0	0	0	0	0	0	0
7	0	2	125	275	450	625	800	975	1150	0	0	0
2	45	2	452	632	0	0	0	0	0	0	0	0
5	60	1	125	275	475	575	1213	0	0	0	0	0
3	110	3	153	352	467	0	0	0	0	0	0	0
3	95	1	125	275	894	0	0	0	0	0	0	0
5	85	1	125	275	475	575	1192	0	0	0	0	0
6	130	2	125	275	478	578	825	1045	0	0	0	0
4	340	3	475	449	622	797	0	0	0	0	0	0
8	390	8	75	201	171	370	610	785	1008	1133	0	0
8	435	8	75	201	171	370	610	785	961	1114	0	0
3	55	1	125	275	1212	0	0	0	0	0	0	0
2	0	1	125	1125	0	0	0	0	0	0	0	0
4	455	0	144	599	824	999	0	0	0	0	0	0
7	555	7	98	224	654	852	1017	1142	1250	0	0	0
3	200	3	85	219	461	0	0	0	0	0	0	0
2	100	0	126	594	0	0	0	0	0	0	0	0
6	215	6	75	201	266	416	656	854	0	0	0	0
3	260	2	324	979	1250	0	0	0	0	0	0	0
7	80	1	125	275	475	575	800	975	1191	0	0	0
3	45	3	76	330	528	0	0	0	0	0	0	0
6	370	6	75	201	266	416	570	746	0	0	0	0
4	5	2	125	275	825	1026	0	0	0	0	0	0
4	105	0	125	275	475	996	0	0	0	0	0	0
3	290	3	1017	1142	1250	0	0	0	0	0	0	0
7	425	7	75	201	171	370	610	785	848	0	0	0
7	0	0	125	275	475	575	800	975	1150	0	0	0
5	260	5	78	204	273	725	772	0	0	0	0	0
4	170	0	126	278	487	993	0	0	0	0	0	0
5	120	4	125	124	450	625	825	0	0	0	0	0
6	235	0	125	275	475	592	815	990	0	0	0	0
5	220	3	125	279	390	676	674	0	0	0	0	0
3	180	1	129	287	395	0	0	0	0	0	0	0
5	280	3	81	211	476	599	839	0	0	0	0	0
8	315	5	89	215	454	627	802	977	1150	1149	0	0
3	60	1	126	277	459	0	0	0	0	0	0	0
5	240	4	75	202	172	374	1150	0	0	0	0	0
2	95	1	141	778	0	0	0	0	0	0	0	0
8	630	7	125	181	322	447	620	795	1018	1143	0	0
7	515	4	76	213	466	639	818	994	1172	0	0	0
4	265	4	78	220	391	1089	0	0	0	0	0	0
7	115	0	125	275	475	575	800	975	1173	0	0	0
3	65	1	125	275	763	0	0	0	0	0	0	0
2	0	0	125	975	0	0	0	0	0	0	0	0
2	150	0	490	590	0	0	0	0	0	0	0	0
3	0	0	800	975	1150	0	0	0	0	0	0	0
2	60	1	125	187	0	0	0	0	0	0	0	0
5	320	5	654	852	1017	1142	1250	0	0	0	0	0
8	505	8	76	204	318	443	616	791	1014	1139	0	0
7	455	7	76	202	172	371	611	786	898	0	0	0
7	490	7	75	203	273	423	768	946	1211	0	0	0
8	480	8	75	201	313	438	617	793	1016	1143	0	0
2	120	1	125	1149	0	0	0	0	0	0	0	0
3	125	3	75	201	174	0	0	0	0	0	0	0
4	470	4	624	799	1023	1148	0	0	0	0	0	0
7	260	0	126	276	479	580	812	987	1167	0	0	0
5	565	5	324	449	624	1142	1250	0	0	0	0	0
8	345	8	75	201	313	438	611	786	1010	1135	0	0
2	20	2	450	629	0	0	0	0	0	0	0	0
6	285	4	75	203	173	372	804	980	0	0	0	0
3	0	1	125	275	550	0	0	0	0	0	0	0
3	265	1	143	586	1199	0	0	0	0	0	0	0
5	205	2	125	275	475	795	971	0	0	0	0	0
5	0	0	125	275	475	575	800	0	0	0	0	0
4	235	3	125	124	378	720	0	0	0	0	0	0
3	95	0	125	275	494	0	0	0	0	0	0	0
3	280	2	139	197	395	0	0	0	0	0	0	0
5	350	5	76	202	322	447	573	0	0	0	0	0
7	340	7	75	201	171	370	563	738	1175	0	0	0
7	5	2	75	201	475	575	800	975	1150	0	0	0
3	60	0	125	275	487	0	0	0	0	0	0	0
6	165	4	75	201	266	416	800	975	0	0	0	0
8	515	8	75	201	313	440	613	788	899	1074	0	0
5	230	4	75	201	268	421	806	0	0	0	0	0
4	175	1	135	433	808	984	0	0	0	0	0	0
8	125	3	75	201	475	575	800	975	1150	1149	0	0
5	260	5	75	201	266	418	617	0	0	0	0	0
3	230	3	245	517	1184	0	0	0	0	0	0	0
4	165	4	75	204	322	1132	0	0	0	0	0	0
8	230	5	128	279	453	628	755	929	1150	1149	0	0
5	85	5	75	325	534	683	1226	0	0	0	0	0
5	380	5	605	780	843	1049	1250	0	0	0	0	0
5	10	1	125	275	475	575	1228	0	0	0	0	0
3	165	3	75	693	1015	0	0	0	0	0	0	0
7	745	5	98	224	470	643	824	999	1242	0	0	0
8	485	8	75	201	313	438	611	786	849	1049	0	0
7	455	7	75	201	171	370	563	739	897	0	0	0
5	295	1	136	287	492	594	1226	0	0	0	0	0
7	625	0	125	296	497	597	820	996	1169	0	0	0
2	115	2	450	648	0	0	0	0	0	0	0	0
4	120	1	125	124	475	575	0	0	0	0	0	0
8	545	8	75	201	171	370	610	785	848	1049	0	0
2	0	2	450	625	0	0	0	0	0	0	0	0
2	65	1	810	1128	0	0	0	0	0	0	0	0
2	135	1	496	781	0	0	0	0	0	0	0	0
2	190	2	246	867	0	0	0	0	0	0	0	0
3	240	3	166	371	961	0	0	0	0	0	0	0
6	515	1	147	297	495	595	818	1126	0	0	0	0
2	0	2	75	675	0	0	0	0	0	0	0	0
5	270	2	153	353	499	599	1150	0	0	0	0	0
2	120	2	86	213	0	0	0	0	0	0	0	0
3	80	2	300	577	889	0	0	0	0	0	0	0
3	145	3	172	926	1181	0	0	0	0	0	0	0
4	105	4	256	731	1004	1130	0	0	0	0	0	0
3	165	2	76	208	499	0	0	0	0	0	0	0
3	20	0	125	275	1154	0	0	0	0	0	0	0
7	295	5	76	336	533	682	812	987	1183	0	0	0
4	160	2	128	281	835	1038	0	0	0	0	0	0
2	35	2	250	1107	0	0	0	0	0	0	0	0
4	320	4	309	444	617	794	0	0	0	0	0	0
8	595	8	76	206	318	443	616	791	972	1122	0	0
4	210	4	75	214	382	721	0	0	0	0	0	0
2	0	1	125	425	0	0	0	0	0	0	0	0
2	0	0	125	575	0	0	0	0	0	0	0	0
5	555	0	149	299	499	599	1165	0	0	0	0	0
7	325	7	76	202	650	850	969	1119	1250	0	0	0
7	325	6	76	202	382	685	767	941	1162	0	0	0
5	555	3	94	224	497	598	773	0	0	0	0	0
3	175	0	125	294	1166	0	0	0	0	0	0	0
2	80	1	135	431	0	0	0	0	0	0	0	0
3	360	2	324	999	1250	0	0	0	0	0	0	0
3	175	0	134	985	1166	0	0	0	0	0	0	0
5	0	1	125	275	600	975	1150	0	0	0	0	0
4	125	0	125	275	496	979	0	0	0	0	0	0
5	90	3	76	202	475	575	665	0	0	0	0	0
4	220	3	430	650	866	1224	0	0	0	0	0	0
2	0	0	100	300	0	0	0	0	0	0	0	0
2	175	1	113	472	0	0	0	0	0	0	0	0
2	105	1	102	1169	0	0	0	0	0	0	0	0
2	205	1	1142	1250	0	0	0	0	0	0	0	0
3	205	2	443	760	938	0	0	0	0	0	0	0
4	345	3	122	249	523	825	0	0	0	0	0	0
2	135	1	110	242	0	0	0	0	0	0	0	0
6	195	2	100	300	299	600	775	965	0	0	0	0
5	465	2	298	800	799	1023	1148	0	0	0	0	0
2	115	0	100	323	0	0	0	0	0	0	0	0
7	470	4	101	149	427	499	776	893	1074	0	0	0
6	190	2	285	602	780	1003	1128	1241	0	0	0	0
3	70	2	100	156	933	0	0	0	0	0	0	0
2	120	1	101	273	0	0	0	0	0	0	0	0
4	435	3	121	272	423	771	0	0	0	0	0	0
3	25	0	100	300	1130	0	0	0	0	0	0	0
4	270	1	101	315	1139	1225	0	0	0	0	0	0
4	150	1	100	300	299	606	0	0	0	0	0	0
2	125	2	980	1195	0	0	0	0	0	0	0	0
2	215	2	994	1250	0	0	0	0	0	0	0	0
7	435	1	175	316	441	614	790	1013	1138	0	0	0
2	140	2	190	388	0	0	0	0	0	0	0	0
2	105	1	100	1196	0	0	0	0	0	0	0	0
3	185	2	107	382	1098	0	0	0	0	0	0	0
6	690	5	122	274	424	573	748	972	0	0	0	0
4	190	3	104	470	1051	1188	0	0	0	0	0	0
7	365	5	100	156	355	399	687	819	1132	0	0	0
2	0	0	425	600	0	0	0	0	0	0	0	0
3	20	2	100	450	629	0	0	0	0	0	0	0
6	205	5	100	156	355	399	702	904	0	0	0	0
8	40	1	100	300	425	600	775	1000	1125	1209	0	0
6	0	0	100	300	425	600	775	1000	0	0	0	0
3	125	1	101	300	299	0	0	0	0	0	0	0
7	485	0	107	306	435	618	795	1018	1143	0	0	0
8	345	7	100	156	355	399	682	831	1030	1217	0	0
8	370	7	100	156	355	399	681	763	937	1158	0	0
4	0	0	100	300	425	1000	0	0	0	0	0	0
7	290	3	101	149	428	601	776	839	1039	0	0	0
5	135	4	102	162	361	651	851	0	0	0	0	0
6	125	0	100	300	425	608	783	1009	0	0	0	0
2	145	1	108	171	0	0	0	0	0	0	0	0
5	205	4	100	156	355	399	681	0	0	0	0	0
5	530	0	124	324	449	624	1135	0	0	0	0	0
3	85	2	100	375	1092	0	0	0	0	0	0	0
8	160	2	100	300	299	600	775	1000	1125	1209	0	0
7	605	0	100	301	449	624	799	1024	1149	0	0	0
7	220	6	100	156	355	399	681	827	1026	0	0	0
5	340	0	100	300	799	1022	1147	0	0	0	0	0
5	245	4	100	156	355	494	594	0	0	0	0	0
3	135	3	596	953	1103	0	0	0	0	0	0	0
2	0	0	100	1000	0	0	0	0	0	0	0	0
6	300	5	100	156	355	399	704	921	0	0	0	0
4	385	1	794	1017	1142	1250	0	0	0	0	0	0
3	0	0	100	300	425	0	0	0	0	0	0	0
8	405	7	100	156	355	399	681	764	941	1211	0	0
2	0	1	100	375	0	0	0	0	0	0	0	0
2	215	2	295	398	0	0	0	0	0	0	0	0
2	130	2	189	962	0	0	0	0	0	0	0	0
5	170	4	100	156	355	494	979	0	0	0	0	0
5	280	4	100	156	355	399	696	0	0	0	0	0
8	525	7	100	158	358	555	741	899	1072	1223	0	0
4	240	2	175	619	795	1210	0	0	0	0	0	0
8	500	7	100	156	355	494	594	769	943	1164	0	0
3	130	3	275	452	649	0	0	0	0	0	0	0
2	110	1	100	147	0	0	0	0	0	0	0	0
2	205	2	195	1171	0	0	0	0	0	0	0	0
3	95	2	100	375	1094	0	0	0	0	0	0	0
7	0	0	100	300	425	600	775	1000	1125	0	0	0
2	20	1	100	879	0	0	0	0	0	0	0	0
2	15	1	100	653	0	0	0	0	0	0	0	0
3	90	0	100	300	443	0	0	0	0	0	0	0
2	145	2	298	556	0	0	0	0	0	0	0	0
2	205	2	192	1174	0	0	0	0	0	0	0	0
4	435	3	790	899	1074	1250	0	0	0	0	0	0
2	60	2	187	875	0	0	0	0	0	0	0	0
2	50	0	102	608	0	0	0	0	0	0	0	0
3	110	2	100	251	746	0	0	0	0	0	0	0
7	535	5	118	174	374	658	859	1150	1149	0	0	0
4	110	1	100	300	425	822	0	0	0	0	0	0
2	205	2	992	1250	0	0	0	0	0	0	0	0
4	95	0	100	305	431	608	0	0	0	0	0	0
4	220	4	176	247	519	752	0	0	0	0	0	0
2	110	1	100	172	0	0	0	0	0	0	0	0
2	10	1	100	1177	0	0	0	0	0	0	0	0
4	195	1	106	305	431	822	0	0	0	0	0	0
4	315	1	440	613	788	897	0	0	0	0	0	0
2	175	1	116	494	0	0	0	0	0	0	0	0
4	0	0	100	300	425	600	0	0	0	0	0	0
3	90	2	114	476	978	0	0	0	0	0	0	0
2	80	1	100	1191	0	0	0	0	0	0	0	0
2	0	0	100	600	0	0	0	0	0	0	0	0
2	210	1	794	1198	0	0	0	0	0	0	0	0
2	200	2	295	895	0	0	0	0	0	0	0	0
2	210	1	119	1198	0	0	0	0	0	0	0	0
3	25	1	101	300	579	0	0	0	0	0	0	0
8	670	3	106	164	369	618	794	1017	1142	1250	0	0
2	100	1	116	454	0	0	0	0	0	0	0	0
3	55	2	100	156	355	0	0	0	0	0	0	0
3	100	0	103	302	1140	0	0	0	0	0	0	0
6	520	4	299	603	790	969	1119	1250	0	0	0	0
3	35	2	100	251	731	0	0	0	0	0	0	0
2	90	1	109	459	0	0	0	0	0	0	0	0
3	35	2	100	227	505	0	0	0	0	0	0	0
6	440	4	299	654	852	1017	1142	1250	0	0	0	0
8	405	5	101	252	404	559	738	1012	1141	1225	0	0
8	725	7	100	147	299	473	647	774	948	1208	0	0
4	95	1	100	300	425	1245	0	0	0	0	0	0
5	205	5	288	397	700	903	1078	0	0	0	0	0
2	20	0	428	601	0	0	0	0	0	0	0	0
2	80	1	175	316	0	0	0	0	0	0	0	0
5	120	1	100	300	425	600	599	0	0	0	0	0
3	45	0	100	300	434	0	0	0	0	0	0	0
3	130	1	102	300	299	0	0	0	0	0	0	0
4	85	1	100	300	1130	1238	0	0	0	0	0	0
4	220	3	100	147	297	550	0	0	0	0	0	0
6	15	1	100	300	425	600	775	1204	0	0	0	0
6	5	0	101	300	425	600	775	1000	0	0	0	0
8	750	3	106	174	374	619	794	1017	1142	1250	0	0
4	110	1	100	1000	1125	1172	0	0	0	0	0	0
3	180	3	197	564	1100	0	0	0	0	0	0	0
2	75	0	438	1002	0	0	0	0	0	0	0	0
2	135	2	178	274	0	0	0	0	0	0	0	0
6	420	6	175	269	419	890	1063	1219	0	0	0	0
2	110	1	101	246	0	0	0	0	0	0	0	0
3	110	2	100	156	941	0	0	0	0	0	0	0
2	235	1	798	974	0	0	0	0	0	0	0	0
2	190	1	120	468	0	0	0	0	0	0	0	0
2	205	1	795	971	0	0	0	0	0	0	0	0
5	215	4	101	651	850	970	1121	0	0	0	0	0
3	0	0	100	300	1125	0	0	0	0	0	0	0
3	120	1	775	1150	1149	0	0	0	0	0	0	0
4	235	2	114	312	580	766	0	0	0	0	0	0
3	95	2	100	550	1119	0	0	0	0	0	0	0
2	160	1	108	1250	0	0	0	0	0	0	0	0
5	440	4	116	172	372	565	1113	0	0	0	0	0
5	275	4	100	156	355	399	695	0	0	0	0	0
5	235	0	104	306	434	609	794	0	0	0	0	0
8	710	7	100	147	298	496	596	890	1068	1223	0	0
7	170	0	100	300	425	600	775	1010	1149	0	0	0
5	245	5	576	751	925	973	1124	0	0	0	0	0
6	310	5	103	266	422	825	1026	1195	0	0	0	0
7	270	5	176	477	577	753	927	1022	1147	0	0	0
7	335	4	117	451	625	752	927	1022	1148	0	0	0
3	110	1	104	478	790	0	0	0	0	0	0	0
2	20	1	101	478	0	0	0	0	0	0	0	0
2	125	1	101	1250	0	0	0	0	0	0	0	0
2	10	1	100	227	0	0	0	0	0	0	0	0
3	150	1	100	148	432	0	0	0	0	0	0	0
7	265	6	104	476	576	751	925	973	1123	0	0	0
4	175	1	101	317	775	1218	0	0	0	0	0	0
2	5	0	101	300	0	0	0	0	0	0	0	0
3	105	3	179	657	860	0	0	0	0	0	0	0
6	350	5	102	172	371	655	867	1229	0	0	0	0
2	100	2	981	1240	0	0	0	0	0	0	0	0
2	120	1	114	810	0	0	0	0	0	0	0	0
4	80	3	100	227	500	839	0	0	0	0	0	0
3	100	0	429	603	1138	0	0	0	0	0	0	0
4	260	2	101	149	428	1225	0	0	0	0	0	0
8	110	1	100	300	425	600	775	1000	1125	1172	0	0
3	315	2	790	899	1074	0	0	0	0	0	0	0
8	530	5	104	163	368	609	784	894	1067	1218	0	0
8	565	7	101	157	357	473	647	774	948	1232	0	0
7	725	0	101	324	449	624	799	1024	1149	0	0	0
4	20	3	100	375	700	904	0	0	0	0	0	0
3	300	3	297	894	1069	0	0	0	0	0	0	0
6	120	1	101	300	425	600	775	1249	0	0	0	0
2	10	1	100	1228	0	0	0	0	0	0	0	0
3	85	0	105	603	784	0	0	0	0	0	0	0
3	110	2	101	562	1109	0	0	0	0	0	0	0
5	145	4	100	229	503	563	1109	0	0	0	0	0
2	170	2	993	1242	0	0	0	0	0	0	0	0
6	110	1	100	300	425	600	775	972	0	0	0	0
2	145	0	121	608	0	0	0	0	0	0	0	0
4	290	2	101	148	442	1243	0	0	0	0	0	0
5	490	0	102	324	449	624	1149	0	0	0	0	0
2	40	0	426	607	0	0	0	0	0	0	0	0
7	120	6	175	475	575	750	925	1150	1149	0	0	0
3	30	2	100	953	1103	0	0	0	0	0	0	0
2	60	1	100	962	0	0	0	0	0	0	0	0
3	100	2	100	267	1103	0	0	0	0	0	0	0
8	340	7	100	156	355	399	681	764	938	1200	0	0
6	390	5	101	236	520	836	1036	1250	0	0	0	0
8	385	7	100	156	355	399	681	764	938	1159	0	0
2	130	1	116	485	0	0	0	0	0	0	0	0
6	180	2	101	300	431	606	979	1169	0	0	0	0
6	205	1	101	300	441	1000	1125	1250	0	0	0	0
2	60	1	100	812	0	0	0	0	0	0	0	0
3	90	1	103	611	979	0	0	0	0	0	0	0
6	435	5	104	160	359	474	1066	1250	0	0	0	0
2	20	0	100	304	0	0	0	0	0	0	0	0
6	440	4	199	654	852	1017	1142	1250	0	0	0	0
3	210	1	115	318	584	0	0	0	0	0	0	0
7	260	5	278	452	625	800	976	1023	1148	0	0	0
6	110	1	100	300	425	600	1125	1172	0	0	0	0
2	0	1	100	800	0	0	0	0	0	0	0	0
3	125	1	100	148	427	0	0	0	0	0	0	0
2	150	1	781	1250	0	0	0	0	0	0	0	0
3	250	2	298	498	1129	0	0	0	0	0	0	0
2	110	1	110	1213	0	0	0	0	0	0	0	0
4	355	3	198	659	866	1224	0	0	0	0	0	0
2	65	1	276	887	0	0	0	0	0	0	0	0
3	135	2	175	245	857	0	0	0	0	0	0	0
5	425	5	284	393	722	917	1094	0	0	0	0	0
7	330	7	100	156	355	399	681	763	937	0	0	0
4	90	3	175	954	1104	1211	0	0	0	0	0	0
5	450	5	114	266	416	574	1120	0	0	0	0	0
5	275	5	100	156	356	495	998	0	0	0	0	0
4	210	1	176	458	638	1170	0	0	0	0	0	0
4	290	1	124	456	629	1250	0	0	0	0	0	0
2	50	0	177	1234	0	0	0	0	0	0	0	0
4	270	4	101	315	1139	1225	0	0	0	0	0	0
4	65	4	100	302	430	606	0	0	0	0	0	0
3	215	2	175	269	1124	0	0	0	0	0	0	0
7	605	4	175	174	373	613	790	899	1072	0	0	0
2	160	2	117	390	0	0	0	0	0	0	0	0
2	0	1	100	1226	0	0	0	0	0	0	0	0
3	185	3	107	382	1098	0	0	0	0	0	0	0
6	720	6	124	324	599	774	949	1174	0	0	0	0
7	415	6	175	245	519	800	975	1022	1147	0	0	0
2	90	2	115	953	0	0	0	0	0	0	0	0
8	410	8	100	156	355	399	681	815	990	1186	0	0
6	595	6	123	324	449	622	798	1178	0	0	0	0
5	270	3	101	255	418	882	1073	0	0	0	0	0
2	35	2	432	800	0	0	0	0	0	0	0	0
6	0	5	100	300	425	600	775	1226	0	0	0	0
2	55	2	100	261	0	0	0	0	0	0	0	0
5	60	1	112	450	625	875	1050	0	0	0	0	0
3	0	0	175	450	1050	0	0	0	0	0	0	0
4	0	0	175	450	625	875	0	0	0	0	0	0
2	110	2	100	147	0	0	0	0	0	0	0	0
4	325	3	179	320	445	571	0	0	0	0	0	0
5	180	5	299	554	729	1002	1127	0	0	0	0	0
2	150	2	123	657	0	0	0	0	0	0	0	0
4	175	3	428	554	729	1250	0	0	0	0	0	0
7	0	7	100	300	425	600	775	1000	1125	0	0	0
2	145	2	108	171	0	0	0	0	0	0	0	0
4	295	4	102	149	589	769	0	0	0	0	0	0
6	0	0	175	450	625	875	1050	1226	0	0	0	0
2	20	1	175	1154	0	0	0	0	0	0	0	0
6	350	4	102	158	357	474	648	1006	0	0	0	0
2	80	1	981	1236	0	0	0	0	0	0	0	0
6	305	6	100	156	355	399	682	769	0	0	0	0
2	0	1	175	600	0	0	0	0	0	0	0	0
6	405	0	188	459	636	879	1071	1249	0	0	0	0
6	325	6	100	156	355	399	718	912	0	0	0	0
6	490	2	175	316	790	899	1072	1247	0	0	0	0
5	555	0	199	471	644	899	1073	0	0	0	0	0
5	0	0	175	450	625	875	1050	0	0	0	0	0
2	15	2	101	1152	0	0	0	0	0	0	0	0
6	0	6	100	300	425	600	775	1000	0	0	0	0
4	120	1	449	875	1050	1226	0	0	0	0	0	0
5	255	5	100	147	297	550	732	0	0	0	0	0
2	0	0	175	875	0	0	0	0	0	0	0	0
2	0	1	175	1150	0	0	0	0	0	0	0	0
4	105	3	186	552	730	1003	0	0	0	0	0	0
4	85	0	175	450	625	892	0	0	0	0	0	0
2	45	2	109	600	0	0	0	0	0	0	0	0
2	140	2	105	173	0	0	0	0	0	0	0	0
6	455	6	100	475	449	622	797	973	0	0	0	0
6	315	1	295	469	642	879	1052	1227	0	0	0	0
5	170	5	100	156	355	494	979	0	0	0	0	0
5	280	5	100	156	355	399	696	0	0	0	0	0
2	165	1	1134	1250	0	0	0	0	0	0	0	0
3	0	0	175	875	1050	0	0	0	0	0	0	0
2	35	2	100	157	0	0	0	0	0	0	0	0
6	375	6	437	563	738	1009	1134	1220	0	0	0	0
2	120	1	175	174	0	0	0	0	0	0	0	0
3	130	2	175	269	1107	0	0	0	0	0	0	0
7	555	5	100	147	425	473	646	773	947	0	0	0
6	470	6	100	147	297	496	596	1158	0	0	0	0
2	0	0	175	450	0	0	0	0	0	0	0	0
2	105	0	175	1247	0	0	0	0	0	0	0	0
2	45	1	176	608	0	0	0	0	0	0	0	0
3	45	2	175	375	684	0	0	0	0	0	0	0
5	245	5	100	156	355	494	594	0	0	0	0	0
3	240	3	100	149	299	0	0	0	0	0	0	0
2	0	1	425	875	0	0	0	0	0	0	0	0
3	100	3	109	307	579	0	0	0	0	0	0	0
8	620	8	100	147	297	495	595	770	944	1202	0	0
2	175	2	114	171	0	0	0	0	0	0	0	0
6	295	6	108	164	365	803	984	1160	0	0	0	0
2	30	0	176	880	0	0	0	0	0	0	0	0
2	205	1	1142	1250	0	0	0	0	0	0	0	0
2	80	1	175	1191	0	0	0	0	0	0	0	0
4	95	1	175	450	625	969	0	0	0	0	0	0
2	15	1	175	953	0	0	0	0	0	0	0	0
4	245	1	175	457	649	1219	0	0	0	0	0	0
4	330	4	583	818	997	1193	0	0	0	0	0	0
5	205	5	100	156	355	399	681	0	0	0	0	0
4	100	1	175	450	625	845	0	0	0	0	0	0
2	0	1	100	450	0	0	0	0	0	0	0	0
4	245	0	175	474	649	1227	0	0	0	0	0	0
3	235	3	124	397	701	0	0	0	0	0	0	0
4	385	3	794	1017	1142	1250	0	0	0	0	0	0
5	450	5	101	148	298	496	597	0	0	0	0	0
2	10	1	175	952	0	0	0	0	0	0	0	0
2	0	0	175	1226	0	0	0	0	0	0	0	0
2	130	1	178	273	0	0	0	0	0	0	0	0
8	640	6	175	174	374	614	790	1014	1140	1248	0	0
3	145	2	175	174	930	0	0	0	0	0	0	0
2	25	2	100	230	0	0	0	0	0	0	0	0
4	30	0	175	450	625	1232	0	0	0	0	0	0
4	30	3	100	300	425	1232	0	0	0	0	0	0
3	75	3	101	159	930	0	0	0	0	0	0	0
2	120	2	295	954	0	0	0	0	0	0	0	0
4	100	4	100	251	403	966	0	0	0	0	0	0
5	510	5	445	571	746	970	1120	0	0	0	0	0
6	330	6	100	147	297	550	725	972	0	0	0	0
2	0	1	100	875	0	0	0	0	0	0	0	0
8	750	7	106	174	374	619	794	1017	1142	1250	0	0
2	130	0	178	1249	0	0	0	0	0	0	0	0
2	120	2	276	498	0	0	0	0	0	0	0	0
4	470	3	122	249	524	1250	0	0	0	0	0	0
2	70	1	100	1240	0	0	0	0	0	0	0	0
8	400	8	100	156	355	494	594	1001	1132	1224	0	0
2	140	2	438	565	0	0	0	0	0	0	0	0
5	270	5	100	156	355	494	1149	0	0	0	0	0
2	35	2	100	1182	0	0	0	0	0	0	0	0
6	270	6	100	156	355	399	681	763	0	0	0	0
6	145	0	190	458	631	875	1050	1226	0	0	0	0
5	375	5	106	165	374	659	871	0	0	0	0	0
2	220	2	121	323	0	0	0	0	0	0	0	0
6	90	6	103	600	777	1000	1125	1214	0	0	0	0
2	235	0	198	1250	0	0	0	0	0	0	0	0
2	70	2	103	311	0	0	0	0	0	0	0	0
6	520	4	437	613	789	898	1071	1222	0	0	0	0
2	110	2	586	1161	0	0	0	0	0	0	0	0
2	60	1	175	487	0	0	0	0	0	0	0	0
2	75	1	1126	1240	0	0	0	0	0	0	0	0
3	200	2	184	496	1135	0	0	0	0	0	0	0
6	250	0	197	465	638	875	1050	1226	0	0	0	0
5	155	5	101	229	501	663	862	0	0	0	0	0
6	440	4	101	149	425	473	648	967	0	0	0	0
2	115	0	175	898	0	0	0	0	0	0	0	0
2	60	1	275	887	0	0	0	0	0	0	0	0
7	405	5	103	160	360	600	599	886	1073	0	0	0
3	0	0	175	450	625	0	0	0	0	0	0	0
4	265	1	101	454	1074	1250	0	0	0	0	0	0
7	380	7	100	157	357	656	858	1024	1149	0	0	0
5	135	1	101	459	636	877	1054	0	0	0	0	0
4	0	3	100	300	425	875	0	0	0	0	0	0
4	0	1	100	450	625	875	0	0	0	0	0	0
3	135	2	187	479	586	0	0	0	0	0	0	0
3	165	3	275	385	1098	0	0	0	0	0	0	0
3	180	2	176	387	1098	0	0	0	0	0	0	0
6	280	3	101	258	416	881	1059	1242	0	0	0	0
8	555	8	101	300	426	498	598	773	947	1168	0	0
3	0	2	175	375	675	0	0	0	0	0	0	0
4	265	4	112	170	371	950	0	0	0	0	0	0
4	150	3	183	386	705	906	0	0	0	0	0	0
2	195	1	190	624	0	0	0	0	0	0	0	0
2	95	1	794	1226	0	0	0	0	0	0	0	0
5	165	5	276	388	675	757	937	0	0	0	0	0
6	595	3	124	470	643	770	948	1240	0	0	0	0
2	5	1	101	450	0	0	0	0	0	0	0	0
6	485	1	295	469	646	888	1062	1238	0	0	0	0
2	85	1	177	1190	0	0	0	0	0	0	0	0
2	25	0	180	450	0	0	0	0	0	0	0	0
2	140	2	283	845	0	0	0	0	0	0	0	0
6	380	4	279	456	629	672	872	1168	0	0	0	0
2	60	2	101	1161	0	0	0	0	0	0	0	0
5	80	1	104	451	628	876	1057	0	0	0	0	0
2	235	0	198	899	0	0	0	0	0	0	0	0
2	55	2	775	1161	0	0	0	0	0	0	0	0
3	195	3	114	320	780	0	0	0	0	0	0	0
4	280	4	280	399	713	914	0	0	0	0	0	0
8	435	6	100	147	297	495	775	884	1057	1208	0	0
3	55	2	175	375	686	0	0	0	0	0	0	0
6	530	3	279	615	790	899	1074	1250	0	0	0	0
6	370	6	101	148	427	600	599	774	0	0	0	0
6	295	6	100	156	355	494	594	1160	0	0	0	0
3	185	3	101	844	1042	0	0	0	0	0	0	0
6	250	1	183	459	634	879	1052	1168	0	0	0	0
6	470	6	112	170	371	611	797	1158	0	0	0	0
7	65	7	100	251	402	600	775	1002	1133	0	0	0
5	270	4	182	751	925	1022	1149	0	0	0	0	0
5	435	5	100	147	297	495	998	0	0	0	0	0
2	100	2	101	669	0	0	0	0	0	0	0	0
3	90	3	778	1001	1139	0	0	0	0	0	0	0
4	345	3	101	148	298	472	0	0	0	0	0	0
4	165	1	176	455	631	821	0	0	0	0	0	0
3	150	2	175	316	1139	0	0	0	0	0	0	0
3	240	0	177	473	1073	0	0	0	0	0	0	0
3	115	0	175	450	1073	0	0	0	0	0	0	0
2	30	0	175	1232	0	0	0	0	0	0	0	0
2	20	1	175	554	0	0	0	0	0	0	0	0
3	30	0	177	454	1050	0	0	0	0	0	0	0
2	120	0	184	890	0	0	0	0	0	0	0	0
4	10	4	100	251	401	600	0	0	0	0	0	0
4	295	4	279	399	687	769	0	0	0	0	0	0
4	335	4	100	149	299	769	0	0	0	0	0	0
6	360	0	177	452	636	887	1072	1249	0	0	0	0
2	70	0	175	1240	0	0	0	0	0	0	0	0
4	85	3	100	475	575	892	0	0	0	0	0	0
6	375	4	101	157	356	471	644	771	0	0	0	0
6	285	5	100	156	355	494	1131	1247	0	0	0	0
4	25	4	100	251	402	1177	0	0	0	0	0	0
6	360	6	437	653	851	1016	1141	1225	0	0	0	0
2	150	2	445	1211	0	0	0	0	0	0	0	0
4	315	3	74	650	866	1224	0	0	0	0	0	0
6	430	5	50	98	224	392	675	672	0	0	0	0
8	395	7	50	98	224	392	675	757	931	1152	0	0
2	135	1	55	1248	0	0	0	0	0	0	0	0
7	430	2	51	255	406	561	740	899	1074	0	0	0
3	145	2	50	98	681	0	0	0	0	0	0	0
2	65	1	50	888	0	0	0	0	0	0	0	0
2	0	1	50	225	0	0	0	0	0	0	0	0
3	165	2	50	98	685	0	0	0	0	0	0	0
2	25	1	50	480	0	0	0	0	0	0	0	0
2	100	1	50	670	0	0	0	0	0	0	0	0
2	215	1	1119	1250	0	0	0	0	0	0	0	0
8	445	7	50	98	224	392	675	757	931	1187	0	0
3	110	2	57	601	1139	0	0	0	0	0	0	0
2	0	0	50	250	0	0	0	0	0	0	0	0
4	240	3	63	612	988	1185	0	0	0	0	0	0
2	120	1	62	1238	0	0	0	0	0	0	0	0
2	95	1	59	385	0	0	0	0	0	0	0	0
2	105	1	50	1196	0	0	0	0	0	0	0	0
3	210	2	52	149	1141	0	0	0	0	0	0	0
2	80	1	50	466	0	0	0	0	0	0	0	0
4	365	3	74	1008	1142	1250	0	0	0	0	0	0
4	265	3	64	828	1041	1246	0	0	0	0	0	0
4	395	3	746	1017	1142	1250	0	0	0	0	0	0
3	145	2	54	310	440	0	0	0	0	0	0	0
3	50	2	50	450	635	0	0	0	0	0	0	0
2	135	1	416	661	0	0	0	0	0	0	0	0
2	35	1	53	229	0	0	0	0	0	0	0	0
3	235	2	74	397	701	0	0	0	0	0	0	0
5	95	0	50	250	400	550	744	0	0	0	0	0
3	135	2	58	167	927	0	0	0	0	0	0	0
6	235	2	50	98	224	550	725	950	0	0	0	0
2	55	0	50	261	0	0	0	0	0	0	0	0
7	530	6	50	98	224	392	675	672	870	0	0	0
5	80	2	56	255	405	875	1050	0	0	0	0	0
3	15	2	50	450	1053	0	0	0	0	0	0	0
4	250	2	61	166	365	558	0	0	0	0	0	0
3	70	2	50	450	1064	0	0	0	0	0	0	0
2	125	1	1110	1241	0	0	0	0	0	0	0	0
2	5	1	50	1151	0	0	0	0	0	0	0	0
6	175	3	52	156	357	550	725	820	0	0	0	0
4	295	3	54	171	374	760	0	0	0	0	0	0
6	420	5	64	170	369	611	786	1009	0	0	0	0
6	290	2	50	154	369	562	737	961	0	0	0	0
2	145	0	62	267	0	0	0	0	0	0	0	0
5	65	2	50	450	638	950	1100	0	0	0	0	0
2	75	1	56	234	0	0	0	0	0	0	0	0
4	35	2	50	154	353	950	0	0	0	0	0	0
2	0	1	50	375	0	0	0	0	0	0	0	0
2	40	1	50	758	0	0	0	0	0	0	0	0
2	0	1	50	600	0	0	0	0	0	0	0	0
6	450	0	54	262	415	564	748	972	0	0	0	0
3	200	2	50	145	295	0	0	0	0	0	0	0
6	465	5	74	602	777	824	1142	1250	0	0	0	0
6	0	0	50	250	400	550	725	950	0	0	0	0
2	185	1	70	492	0	0	0	0	0	0	0	0
2	110	1	50	772	0	0	0	0	0	0	0	0
2	0	1	50	1150	0	0	0	0	0	0	0	0
2	110	1	50	147	0	0	0	0	0	0	0	0
4	145	1	424	950	1100	1231	0	0	0	0	0	0
5	35	0	50	250	400	550	732	0	0	0	0	0
2	0	0	50	950	0	0	0	0	0	0	0	0
4	115	3	53	310	577	1008	0	0	0	0	0	0
2	130	1	55	246	0	0	0	0	0	0	0	0
5	215	2	50	98	675	950	1120	0	0	0	0	0
3	0	0	50	250	400	0	0	0	0	0	0	0
2	115	1	50	98	0	0	0	0	0	0	0	0
6	460	3	66	242	518	962	1112	1243	0	0	0	0
5	315	4	50	98	224	487	979	0	0	0	0	0
5	425	4	50	98	224	392	696	0	0	0	0	0
4	100	3	50	225	500	1195	0	0	0	0	0	0
4	60	3	50	225	500	1213	0	0	0	0	0	0
3	225	2	50	98	722	0	0	0	0	0	0	0
6	500	4	50	98	224	487	795	971	0	0	0	0
6	485	5	419	615	790	1013	1138	1248	0	0	0	0
3	90	2	418	750	925	0	0	0	0	0	0	0
3	135	2	52	451	649	0	0	0	0	0	0	0
2	155	1	67	764	0	0	0	0	0	0	0	0
3	190	2	61	472	1055	0	0	0	0	0	0	0
2	10	1	50	877	0	0	0	0	0	0	0	0
8	480	7	51	99	333	536	688	838	1036	1216	0	0
3	160	0	734	959	1114	0	0	0	0	0	0	0
6	435	1	61	261	419	954	1118	1225	0	0	0	0
3	235	2	50	98	224	0	0	0	0	0	0	0
4	95	1	51	250	406	1238	0	0	0	0	0	0
3	150	2	50	145	435	0	0	0	0	0	0	0
8	455	5	50	98	224	487	587	950	1100	1170	0	0
3	160	2	57	314	586	0	0	0	0	0	0	0
7	0	0	50	250	400	550	725	950	1100	0	0	0
3	35	0	50	250	1107	0	0	0	0	0	0	0
8	590	5	50	250	404	499	599	774	948	1169	0	0
6	430	3	51	240	513	965	1118	1250	0	0	0	0
2	165	1	70	463	0	0	0	0	0	0	0	0
4	165	3	52	228	864	1189	0	0	0	0	0	0
2	85	1	56	161	0	0	0	0	0	0	0	0
4	310	3	66	316	583	1248	0	0	0	0	0	0
2	65	0	732	956	0	0	0	0	0	0	0	0
7	745	0	73	272	422	571	746	970	1120	0	0	0
7	280	4	50	250	400	495	595	834	1032	0	0	0
7	450	6	50	98	346	543	710	906	1087	0	0	0
5	0	4	50	225	500	650	850	0	0	0	0	0
6	110	1	50	250	400	550	725	772	0	0	0	0
3	135	2	61	480	586	0	0	0	0	0	0	0
5	45	0	50	250	400	550	734	0	0	0	0	0
3	230	2	74	484	588	0	0	0	0	0	0	0
4	340	0	50	270	424	574	0	0	0	0	0	0
2	100	1	56	164	0	0	0	0	0	0	0	0
5	100	4	54	479	585	825	1027	0	0	0	0	0
6	245	3	54	453	628	960	1112	1243	0	0	0	0
5	330	4	50	98	224	392	702	0	0	0	0	0
2	95	0	50	269	0	0	0	0	0	0	0	0
7	205	6	53	303	428	602	777	840	1038	0	0	0
3	25	0	51	250	404	0	0	0	0	0	0	0
8	470	7	50	154	353	610	794	1017	1142	1250	0	0
7	515	4	53	259	422	623	975	1023	1148	0	0	0
2	65	1	57	606	0	0	0	0	0	0	0	0
4	50	3	50	154	930	1151	0	0	0	0	0	0
4	45	3	50	154	929	1151	0	0	0	0	0	0
4	320	3	50	98	224	392	0	0	0	0	0	0
3	200	2	61	165	364	0	0	0	0	0	0	0
3	185	2	65	377	1095	0	0	0	0	0	0	0
5	50	2	50	255	405	875	1050	0	0	0	0	0
4	185	3	61	477	599	1000	0	0	0	0	0	0
2	85	1	50	1243	0	0	0	0	0	0	0	0
4	160	3	52	156	355	494	0	0	0	0	0	0
3	335	0	422	571	749	0	0	0	0	0	0	0
2	50	1	54	231	0	0	0	0	0	0	0	0
5	35	2	51	251	401	601	778	0	0	0	0	0
2	240	0	749	974	0	0	0	0	0	0	0	0
4	150	3	50	760	934	1161	0	0	0	0	0	0
6	0	1	50	250	400	550	725	1175	0	0	0	0
5	255	4	51	148	299	600	778	0	0	0	0	0
3	50	0	404	553	728	0	0	0	0	0	0	0
2	90	1	51	467	0	0	0	0	0	0	0	0
7	10	2	50	250	400	550	725	1001	1126	0	0	0
7	300	6	50	154	353	397	679	763	939	0	0	0
2	0	1	50	1000	0	0	0	0	0	0	0	0
6	555	2	60	319	445	571	746	970	0	0	0	0
3	105	2	50	465	1056	0	0	0	0	0	0	0
4	325	0	51	571	747	971	0	0	0	0	0	0
2	40	0	52	556	0	0	0	0	0	0	0	0
2	135	1	407	1195	0	0	0	0	0	0	0	0
2	15	0	52	251	0	0	0	0	0	0	0	0
6	115	2	50	250	400	750	925	973	0	0	0	0
2	235	0	749	973	0	0	0	0	0	0	0	0
4	290	3	50	99	342	917	0	0	0	0	0	0
2	215	0	747	971	0	0	0	0	0	0	0	0
4	365	1	67	269	421	816	0	0	0	0	0	0
6	525	0	69	268	418	567	742	966	0	0	0	0
4	40	0	50	250	400	558	0	0	0	0	0	0
2	40	1	51	157	0	0	0	0	0	0	0	0
3	40	2	50	375	1083	0	0	0	0	0	0	0
2	45	1	407	1002	0	0	0	0	0	0	0	0
7	470	4	51	99	342	540	689	954	1119	0	0	0
5	240	0	50	257	407	564	745	0	0	0	0	0
6	70	5	50	225	500	875	1050	1164	0	0	0	0
4	50	1	51	250	400	834	0	0	0	0	0	0
6	190	1	50	250	400	551	741	1171	0	0	0	0
8	505	5	50	301	436	567	744	1015	1140	1224	0	0
8	330	5	50	250	400	600	775	774	948	1169	0	0
2	110	1	53	394	0	0	0	0	0	0	0	0
4	345	3	729	824	1142	1250	0	0	0	0	0	0
2	25	1	50	1231	0	0	0	0	0	0	0	0
5	95	4	50	303	575	884	1057	0	0	0	0	0
8	375	7	50	145	295	399	681	828	1027	1226	0	0
3	95	2	58	650	861	0	0	0	0	0	0	0
3	240	2	74	1150	1149	0	0	0	0	0	0	0
6	615	3	53	149	299	574	749	1024	0	0	0	0
7	285	6	50	149	433	606	781	1005	1133	0	0	0
5	430	4	51	174	374	763	949	0	0	0	0	0
8	540	7	50	155	355	399	693	1016	1141	1225	0	0
5	185	4	50	156	355	399	702	0	0	0	0	0
5	100	2	51	250	417	825	1027	0	0	0	0	0
8	355	7	50	98	224	487	587	875	1050	1201	0	0
2	100	1	50	145	0	0	0	0	0	0	0	0
4	0	0	50	250	400	950	0	0	0	0	0	0
5	10	2	50	250	400	825	1027	0	0	0	0	0
2	90	0	58	260	0	0	0	0	0	0	0	0
7	515	4	60	259	416	623	975	1022	1148	0	0	0
7	515	4	59	259	416	614	791	1016	1148	0	0	0
2	140	1	61	242	0	0	0	0	0	0	0	0
3	280	2	70	388	1098	0	0	0	0	0	0	0
3	230	2	62	237	522	0	0	0	0	0	0	0
6	685	5	74	324	449	624	1142	1250	0	0	0	0
6	635	0	57	274	424	574	749	974	0	0	0	0
4	120	3	50	154	369	1151	0	0	0	0	0	0
8	510	7	50	154	358	498	775	774	948	1170	0	0
8	570	3	54	259	412	563	745	1016	1141	1225	0	0
4	100	3	50	154	365	1151	0	0	0	0	0	0
4	80	1	56	255	405	1150	0	0	0	0	0	0
4	60	3	729	1000	1125	1209	0	0	0	0	0	0
2	20	1	52	1177	0	0	0	0	0	0	0	0
5	225	4	50	397	708	905	1085	0	0	0	0	0
4	320	3	50	98	224	467	0	0	0	0	0	0
6	470	3	74	465	638	959	1109	1250	0	0	0	0
2	85	1	1100	1243	0	0	0	0	0	0	0	0
8	370	7	50	98	332	529	679	761	940	1185	0	0
3	165	2	50	98	335	0	0	0	0	0	0	0
5	90	4	50	460	633	825	1025	0	0	0	0	0
2	120	0	423	951	0	0	0	0	0	0	0	0
2	130	2	336	915	0	0	0	0	0	0	0	0
5	0	0	200	375	675	825	1025	0	0	0	0	0
2	0	0	200	1201	0	0	0	0	0	0	0	0
4	195	0	223	391	675	825	0	0	0	0	0	0
2	125	1	220	805	0	0	0	0	0	0	0	0
3	0	0	200	375	675	0	0	0	0	0	0	0
7	480	4	200	312	437	563	738	849	1047	0	0	0
3	260	2	211	818	1148	0	0	0	0	0	0	0
2	240	0	699	1225	0	0	0	0	0	0	0	0
4	310	3	221	498	793	1175	0	0	0	0	0	0
3	235	2	204	819	1149	0	0	0	0	0	0	0
4	245	3	200	265	415	619	0	0	0	0	0	0
3	50	2	200	475	585	0	0	0	0	0	0	0
4	120	0	206	376	675	1218	0	0	0	0	0	0
2	135	1	204	248	0	0	0	0	0	0	0	0
2	50	1	200	460	0	0	0	0	0	0	0	0
8	515	6	200	265	415	564	739	963	1113	1220	0	0
8	635	6	201	266	417	613	788	897	1072	1224	0	0
8	400	6	200	312	437	610	785	1008	1134	1220	0	0
4	400	2	699	1016	1141	1225	0	0	0	0	0	0
7	500	4	200	265	415	611	786	849	1049	0	0	0
2	195	0	216	848	0	0	0	0	0	0	0	0
2	110	1	209	488	0	0	0	0	0	0	0	0
3	85	2	210	800	1132	0	0	0	0	0	0	0
6	165	5	205	477	583	758	932	1153	0	0	0	0
3	25	0	200	375	680	0	0	0	0	0	0	0
2	70	1	210	479	0	0	0	0	0	0	0	0
7	440	4	200	312	437	610	785	848	1046	0	0	0
7	160	6	208	450	625	800	975	1150	1149	0	0	0
3	150	2	200	315	790	0	0	0	0	0	0	0
3	200	1	208	385	722	0	0	0	0	0	0	0
2	150	0	208	847	0	0	0	0	0	0	0	0
5	260	4	200	312	437	610	793	0	0	0	0	0
8	595	4	200	265	415	611	786	849	1047	1222	0	0
2	25	0	200	380	0	0	0	0	0	0	0	0
8	540	4	200	312	437	610	785	848	1046	1221	0	0
3	35	2	200	450	1057	0	0	0	0	0	0	0
6	360	5	200	312	438	564	740	1018	0	0	0	0
4	0	0	200	375	675	825	0	0	0	0	0	0
4	130	2	682	952	1102	1216	0	0	0	0	0	0
2	115	1	200	573	0	0	0	0	0	0	0	0
3	155	2	221	752	933	0	0	0	0	0	0	0
2	140	2	339	914	0	0	0	0	0	0	0	0
2	120	2	333	541	0	0	0	0	0	0	0	0
5	325	4	200	241	513	618	793	0	0	0	0	0
7	555	6	200	241	513	571	746	970	1120	0	0	0
3	100	2	200	750	945	0	0	0	0	0	0	0
3	230	2	210	322	1139	0	0	0	0	0	0	0
2	125	0	216	384	0	0	0	0	0	0	0	0
3	230	0	223	395	678	0	0	0	0	0	0	0
2	55	0	200	386	0	0	0	0	0	0	0	0
6	385	4	200	615	790	1013	1138	1222	0	0	0	0
2	90	1	691	1002	0	0	0	0	0	0	0	0
7	555	6	201	314	439	567	745	1021	1149	0	0	0
2	155	0	682	1225	0	0	0	0	0	0	0	0
8	585	4	200	312	437	563	738	849	1047	1222	0	0
4	345	2	223	462	635	1225	0	0	0	0	0	0
4	300	3	202	268	423	817	0	0	0	0	0	0
2	85	1	200	267	0	0	0	0	0	0	0	0
5	275	4	200	266	418	804	1142	0	0	0	0	0
2	135	2	712	915	0	0	0	0	0	0	0	0
5	535	0	224	399	698	844	1042	0	0	0	0	0
4	155	0	687	833	1031	1206	0	0	0	0	0	0
4	145	2	200	241	513	825	0	0	0	0	0	0
5	395	4	223	657	856	1021	1147	0	0	0	0	0
2	0	0	200	375	0	0	0	0	0	0	0	0
7	370	6	200	312	437	563	738	962	1112	0	0	0
2	120	1	200	974	0	0	0	0	0	0	0	0
5	260	4	200	312	437	610	993	0	0	0	0	0
4	10	3	200	450	625	752	0	0	0	0	0	0
2	75	2	328	912	0	0	0	0	0	0	0	0
6	680	4	224	474	649	824	1141	1225	0	0	0	0
2	120	1	699	1175	0	0	0	0	0	0	0	0
3	305	2	694	971	1121	0	0	0	0	0	0	0
2	55	1	681	880	0	0	0	0	0	0	0	0
6	0	0	200	375	675	825	1025	1201	0	0	0	0
5	0	4	200	475	575	750	925	0	0	0	0	0
4	0	0	200	375	675	1201	0	0	0	0	0	0
3	285	2	211	323	448	0	0	0	0	0	0	0
2	55	1	200	611	0	0	0	0	0	0	0	0
7	490	4	200	265	415	611	786	849	1047	0	0	0
2	80	1	200	1016	0	0	0	0	0	0	0	0
6	420	4	224	653	851	1016	1141	1225	0	0	0	0
6	390	4	200	312	791	1014	1139	1223	0	0	0	0
2	75	1	200	265	0	0	0	0	0	0	0	0
5	305	4	200	241	852	970	1123	0	0	0	0	0
2	30	0	200	1207	0	0	0	0	0	0	0	0
8	700	6	203	270	421	570	745	1016	1141	1225	0	0
2	85	1	215	652	0	0	0	0	0	0	0	0
8	715	6	207	272	422	618	793	1016	1141	1225	0	0
8	420	6	201	313	438	611	786	1009	1134	1218	0	0
2	80	1	200	241	0	0	0	0	0	0	0	0
3	315	2	224	617	1147	0	0	0	0	0	0	0
2	120	1	200	1174	0	0	0	0	0	0	0	0
2	110	1	200	622	0	0	0	0	0	0	0	0
2	215	1	222	771	0	0	0	0	0	0	0	0
2	135	1	680	772	0	0	0	0	0	0	0	0
2	100	1	219	751	0	0	0	0	0	0	0	0
2	170	1	690	1019	0	0	0	0	0	0	0	0
2	120	1	213	886	0	0	0	0	0	0	0	0
2	105	1	204	892	0	0	0	0	0	0	0	0
3	140	2	201	568	1109	0	0	0	0	0	0	0
3	150	2	201	313	441	0	0	0	0	0	0	0
4	270	2	224	803	978	1225	0	0	0	0	0	0
3	20	0	677	827	1025	0	0	0	0	0	0	0
4	215	2	200	478	1141	1225	0	0	0	0	0	0
3	170	2	200	265	744	0	0	0	0	0	0	0
3	70	2	200	312	1127	0	0	0	0	0	0	0
3	70	2	200	750	939	0	0	0	0	0	0	0
7	325	6	200	312	437	610	785	1008	1138	0	0	0
5	125	2	200	378	683	880	1059	0	0	0	0	0
8	595	4	200	312	437	563	738	849	1048	1223	0	0
7	470	4	200	313	438	611	786	849	1047	0	0	0
4	235	2	677	875	1071	1225	0	0	0	0	0	0
4	125	2	685	950	1100	1216	0	0	0	0	0	0
4	220	3	200	312	437	570	0	0	0	0	0	0
2	110	1	200	822	0	0	0	0	0	0	0	0
2	90	0	207	1212	0	0	0	0	0	0	0	0
2	165	0	211	1223	0	0	0	0	0	0	0	0
2	165	2	342	541	0	0	0	0	0	0	0	0
3	100	1	208	378	709	0	0	0	0	0	0	0
5	145	0	202	375	679	826	1047	0	0	0	0	0
6	290	4	201	650	851	1016	1141	1225	0	0	0	0
3	75	3	330	528	1082	0	0	0	0	0	0	0
4	215	3	200	313	438	817	0	0	0	0	0	0
2	80	2	336	905	0	0	0	0	0	0	0	0
8	660	6	203	271	421	617	792	1015	1140	1224	0	0
2	85	1	200	1167	0	0	0	0	0	0	0	0
3	285	2	687	971	1124	0	0	0	0	0	0	0
8	605	6	202	314	442	568	743	1014	1140	1224	0	0
3	225	1	218	386	716	0	0	0	0	0	0	0
2	0	1	200	750	0	0	0	0	0	0	0	0
2	105	1	220	551	0	0	0	0	0	0	0	0
2	70	2	333	906	0	0	0	0	0	0	0	0
2	175	1	223	962	0	0	0	0	0	0	0	0
6	0	2	325	525	675	825	1025	1201	0	0	0	0
4	15	2	200	450	628	1201	0	0	0	0	0	0
2	115	0	691	1208	0	0	0	0	0	0	0	0
3	155	2	215	457	634	0	0	0	0	0	0	0
2	95	2	332	912	0	0	0	0	0	0	0	0
2	65	0	213	1201	0	0	0	0	0	0	0	0
2	15	1	202	551	0	0	0	0	0	0	0	0
2	85	1	200	1017	0	0	0	0	0	0	0	0
3	130	2	677	1150	1149	0	0	0	0	0	0	0
8	450	6	200	314	439	612	787	1010	1135	1219	0	0
8	555	6	200	265	419	615	790	1013	1138	1222	0	0
2	160	1	209	573	0	0	0	0	0	0	0	0
3	140	2	201	313	439	0	0	0	0	0	0	0
2	95	1	202	317	0	0	0	0	0	0	0	0
3	115	2	216	751	931	0	0	0	0	0	0	0
2	50	0	200	835	0	0	0	0	0	0	0	0
5	75	2	200	375	675	950	1115	0	0	0	0	0
5	305	0	202	399	690	836	1034	0	0	0	0	0
2	0	0	675	1201	0	0	0	0	0	0	0	0
7	400	6	206	322	576	752	926	974	1124	0	0	0
2	140	0	699	1205	0	0	0	0	0	0	0	0
7	560	6	200	272	422	618	793	1016	1141	0	0	0
8	610	4	200	265	415	611	786	849	1047	1225	0	0
5	200	4	200	265	415	654	856	0	0	0	0	0
2	25	1	200	805	0	0	0	0	0	0	0	0
6	235	5	326	538	688	950	1100	1195	0	0	0	0
2	90	1	201	317	0	0	0	0	0	0	0	0
4	100	3	212	751	926	1181	0	0	0	0	0	0
2	100	1	675	1170	0	0	0	0	0	0	0	0
2	115	0	200	848	0	0	0	0	0	0	0	0
2	125	0	201	1225	0	0	0	0	0	0	0	0
8	380	6	200	312	437	610	785	1008	1133	1217	0	0
3	110	1	200	375	722	0	0	0	0	0	0	0
4	205	3	215	482	980	1189	0	0	0	0	0	0
2	0	0	200	825	0	0	0	0	0	0	0	0
3	110	1	211	382	1079	0	0	0	0	0	0	0
3	145	2	200	241	513	0	0	0	0	0	0	0
3	90	2	200	475	793	0	0	0	0	0	0	0
4	145	0	202	380	695	1203	0	0	0	0	0	0
3	100	2	201	550	744	0	0	0	0	0	0	0
3	80	1	204	384	1078	0	0	0	0	0	0	0
4	240	3	200	315	441	567	0	0	0	0	0	0
6	335	4	200	312	437	610	785	848	0	0	0	0
5	315	4	207	319	444	660	858	0	0	0	0	0
2	75	0	204	386	0	0	0	0	0	0	0	0
2	110	0	211	386	0	0	0	0	0	0	0	0
3	115	0	200	395	678	0	0	0	0	0	0	0
8	535	6	202	267	417	613	789	1012	1137	1221	0	0
6	275	4	200	475	449	1000	1132	1225	0	0	0	0
3	85	0	200	825	1042	0	0	0	0	0	0	0
2	15	1	201	1002	0	0	0	0	0	0	0	0
4	185	3	200	312	437	563	0	0	0	0	0	0
4	225	2	201	461	634	1225	0	0	0	0	0	0
2	0	1	200	450	0	0	0	0	0	0	0	0
6	230	3	203	383	680	810	987	1183	0	0	0	0
3	50	2	201	450	634	0	0	0	0	0	0	0
3	105	2	201	461	634	0	0	0	0	0	0	0
4	90	2	200	377	710	906	0	0	0	0	0	0
3	95	2	210	450	634	0	0	0	0	0	0	0
4	220	0	211	392	691	1201	0	0	0	0	0	0
2	120	1	224	1175	0	0	0	0	0	0	0	0
2	60	2	325	912	0	0	0	0	0	0	0	0
4	5	0	201	375	675	1201	0	0	0	0	0	0
4	285	1	201	396	698	1187	0	0	0	0	0	0
3	95	1	204	383	1082	0	0	0	0	0	0	0
