0	5	14	335	410	0	0
0	5	14	340	415	0	0
0	5	14	345	420	0	0
0	5	14	350	425	0	0
0	5	14	355	430	0	0
0	5	14	360	435	0	0
0	5	14	365	440	0	0
0	5	14	370	445	0	0
0	5	14	375	450	0	0
0	5	14	380	455	0	0
0	5	14	385	460	0	0
0	5	14	390	465	0	0
0	5	14	395	470	0	0
0	5	14	400	475	0	0
0	5	14	405	480	0	0
0	5	14	410	485	0	0
0	5	14	415	490	0	0
0	5	14	420	495	0	0
0	5	14	425	500	0	0
0	5	14	430	505	0	0
0	5	14	435	510	0	0
0	5	14	440	515	0	0
0	5	14	445	520	0	0
0	5	14	450	525	0	0
0	5	14	455	530	0	0
1	13	5	335	400	0	5
1	13	5	340	405	0	5
1	13	5	345	410	0	5
1	13	5	350	415	0	5
1	13	5	355	420	0	5
1	13	5	360	425	0	5
1	13	5	365	430	0	5
1	13	5	370	435	0	5
1	13	5	375	440	0	5
1	13	5	380	445	0	5
1	13	5	385	450	0	5
1	13	5	390	455	0	5
1	13	5	395	460	0	5
1	13	5	400	465	0	5
1	13	5	405	470	0	5
1	13	5	410	475	0	5
1	13	5	415	480	0	5
1	13	5	420	485	0	5
1	13	5	425	490	0	5
1	13	5	430	495	0	5
1	13	5	435	500	0	5
1	13	5	440	505	0	5
1	13	5	445	510	0	5
1	13	5	450	515	0	5
1	13	5	455	520	0	5
2	11	14	355	455	0	1
2	11	14	360	460	0	1
2	11	14	365	465	0	1
2	11	14	370	470	0	1
2	11	14	375	475	0	1
2	11	14	380	480	0	1
2	11	14	385	485	0	1
2	11	14	390	490	0	1
2	11	14	395	495	0	1
2	11	14	400	500	0	1
2	11	14	405	505	0	1
2	11	14	410	510	0	1
2	11	14	415	515	0	1
2	11	14	420	520	0	1
2	11	14	425	525	0	1
2	11	14	430	530	0	1
2	11	14	435	535	0	1
2	11	14	440	540	0	1
2	11	14	445	545	0	1
2	11	14	450	550	0	1
2	11	14	455	555	0	1
2	11	14	460	560	0	1
2	11	14	465	565	0	1
2	11	14	470	570	0	1
2	11	14	475	575	0	1
3	5	14	355	450	0	2
3	5	14	360	455	0	2
3	5	14	365	460	0	2
3	5	14	370	465	0	2
3	5	14	375	470	0	2
3	5	14	380	475	0	2
3	5	14	385	480	0	2
3	5	14	390	485	0	2
3	5	14	395	490	0	2
3	5	14	400	495	0	2
3	5	14	405	500	0	2
3	5	14	410	505	0	2
3	5	14	415	510	0	2
3	5	14	420	515	0	2
3	5	14	425	520	0	2
3	5	14	430	525	0	2
3	5	14	435	530	0	2
3	5	14	440	535	0	2
3	5	14	445	540	0	2
3	5	14	450	545	0	2
3	5	14	455	550	0	2
3	5	14	460	555	0	2
3	5	14	465	560	0	2
3	5	14	470	565	0	2
3	5	14	475	570	0	2
4	14	5	365	440	0	3
4	14	5	370	445	0	3
4	14	5	375	450	0	3
4	14	5	380	455	0	3
4	14	5	385	460	0	3
4	14	5	390	465	0	3
4	14	5	395	470	0	3
4	14	5	400	475	0	3
4	14	5	405	480	0	3
4	14	5	410	485	0	3
4	14	5	415	490	0	3
4	14	5	420	495	0	3
4	14	5	425	500	0	3
4	14	5	430	505	0	3
4	14	5	435	510	0	3
4	14	5	440	515	0	3
4	14	5	445	520	0	3
4	14	5	450	525	0	3
4	14	5	455	530	0	3
4	14	5	460	535	0	3
4	14	5	465	540	0	3
4	14	5	470	545	0	3
4	14	5	475	550	0	3
4	14	5	480	555	0	3
4	14	5	485	560	0	3
5	14	16	395	455	0	4
5	14	16	400	460	0	4
5	14	16	405	465	0	4
5	14	16	410	470	0	4
5	14	16	415	475	0	4
5	14	16	420	480	0	4
5	14	16	425	485	0	4
5	14	16	430	490	0	4
5	14	16	435	495	0	4
5	14	16	440	500	0	4
5	14	16	445	505	0	4
5	14	16	450	510	0	4
5	14	16	455	515	0	4
5	14	16	460	520	0	4
5	14	16	465	525	0	4
5	14	16	470	530	0	4
5	14	16	475	535	0	4
5	14	16	480	540	0	4
5	14	16	485	545	0	4
5	14	16	490	550	0	4
5	14	16	495	555	0	4
5	14	16	500	560	0	4
5	14	16	505	565	0	4
5	14	16	510	570	0	4
5	14	16	515	575	0	4
6	5	9	485	555	0	3
6	5	9	490	560	0	3
6	5	9	495	565	0	3
6	5	9	500	570	0	3
6	5	9	505	575	0	3
6	5	9	510	580	0	3
6	5	9	515	585	0	3
6	5	9	520	590	0	3
6	5	9	525	595	0	3
6	5	9	530	600	0	3
6	5	9	535	605	0	3
6	5	9	540	610	0	3
6	5	9	545	615	0	3
6	5	9	550	620	0	3
6	5	9	555	625	0	3
6	5	9	560	630	0	3
6	5	9	565	635	0	3
6	5	9	570	640	0	3
6	5	9	575	645	0	3
6	5	9	580	650	0	3
6	5	9	585	655	0	3
6	5	9	590	660	0	3
6	5	9	595	665	0	3
6	5	9	600	670	0	3
6	5	9	605	675	0	3
7	5	13	485	550	0	5
7	5	13	490	555	0	5
7	5	13	495	560	0	5
7	5	13	500	565	0	5
7	5	13	505	570	0	5
7	5	13	510	575	0	5
7	5	13	515	580	0	5
7	5	13	520	585	0	5
7	5	13	525	590	0	5
7	5	13	530	595	0	5
7	5	13	535	600	0	5
7	5	13	540	605	0	5
7	5	13	545	610	0	5
7	5	13	550	615	0	5
7	5	13	555	620	0	5
7	5	13	560	625	0	5
7	5	13	565	630	0	5
7	5	13	570	635	0	5
7	5	13	575	640	0	5
7	5	13	580	645	0	5
7	5	13	585	650	0	5
7	5	13	590	655	0	5
7	5	13	595	660	0	5
7	5	13	600	665	0	5
7	5	13	605	670	0	5
8	14	1	490	560	0	0
8	14	1	495	565	0	0
8	14	1	500	570	0	0
8	14	1	505	575	0	0
8	14	1	510	580	0	0
8	14	1	515	585	0	0
8	14	1	520	590	0	0
8	14	1	525	595	0	0
8	14	1	530	600	0	0
8	14	1	535	605	0	0
8	14	1	540	610	0	0
8	14	1	545	615	0	0
8	14	1	550	620	0	0
8	14	1	555	625	0	0
8	14	1	560	630	0	0
8	14	1	565	635	0	0
8	14	1	570	640	0	0
8	14	1	575	645	0	0
8	14	1	580	650	0	0
8	14	1	585	655	0	0
8	14	1	590	660	0	0
8	14	1	595	665	0	0
8	14	1	600	670	0	0
8	14	1	605	675	0	0
8	14	1	610	680	0	0
9	14	0	505	605	0	1
9	14	0	510	610	0	1
9	14	0	515	615	0	1
9	14	0	520	620	0	1
9	14	0	525	625	0	1
9	14	0	530	630	0	1
9	14	0	535	635	0	1
9	14	0	540	640	0	1
9	14	0	545	645	0	1
9	14	0	550	650	0	1
9	14	0	555	655	0	1
9	14	0	560	660	0	1
9	14	0	565	665	0	1
9	14	0	570	670	0	1
9	14	0	575	675	0	1
9	14	0	580	680	0	1
9	14	0	585	685	0	1
9	14	0	590	690	0	1
9	14	0	595	695	0	1
9	14	0	600	700	0	1
9	14	0	605	705	0	1
9	14	0	610	710	0	1
9	14	0	615	715	0	1
9	14	0	620	720	0	1
9	14	0	625	725	0	1
10	14	2	510	605	0	2
10	14	2	515	610	0	2
10	14	2	520	615	0	2
10	14	2	525	620	0	2
10	14	2	530	625	0	2
10	14	2	535	630	0	2
10	14	2	540	635	0	2
10	14	2	545	640	0	2
10	14	2	550	645	0	2
10	14	2	555	650	0	2
10	14	2	560	655	0	2
10	14	2	565	660	0	2
10	14	2	570	665	0	2
10	14	2	575	670	0	2
10	14	2	580	675	0	2
10	14	2	585	680	0	2
10	14	2	590	685	0	2
10	14	2	595	690	0	2
10	14	2	600	695	0	2
10	14	2	605	700	0	2
10	14	2	610	705	0	2
10	14	2	615	710	0	2
10	14	2	620	715	0	2
10	14	2	625	720	0	2
10	14	2	630	725	0	2
11	16	5	575	645	0	4
11	16	5	580	650	0	4
11	16	5	585	655	0	4
11	16	5	590	660	0	4
11	16	5	595	665	0	4
11	16	5	600	670	0	4
11	16	5	605	675	0	4
11	16	5	610	680	0	4
11	16	5	615	685	0	4
11	16	5	620	690	0	4
11	16	5	625	695	0	4
11	16	5	630	700	0	4
11	16	5	635	705	0	4
11	16	5	640	710	0	4
11	16	5	645	715	0	4
11	16	5	650	720	0	4
11	16	5	655	725	0	4
11	16	5	660	730	0	4
11	16	5	665	735	0	4
11	16	5	670	740	0	4
11	16	5	675	745	0	4
11	16	5	680	750	0	4
11	16	5	685	755	0	4
11	16	5	690	760	0	4
11	16	5	695	765	0	4
12	9	5	595	670	0	3
12	9	5	600	675	0	3
12	9	5	605	680	0	3
12	9	5	610	685	0	3
12	9	5	615	690	0	3
12	9	5	620	695	0	3
12	9	5	625	700	0	3
12	9	5	630	705	0	3
12	9	5	635	710	0	3
12	9	5	640	715	0	3
12	9	5	645	720	0	3
12	9	5	650	725	0	3
12	9	5	655	730	0	3
12	9	5	660	735	0	3
12	9	5	665	740	0	3
12	9	5	670	745	0	3
12	9	5	675	750	0	3
12	9	5	680	755	0	3
12	9	5	685	760	0	3
12	9	5	690	765	0	3
12	9	5	695	770	0	3
12	9	5	700	775	0	3
12	9	5	705	780	0	3
12	9	5	710	785	0	3
12	9	5	715	790	0	3
13	13	5	600	665	0	5
13	13	5	605	670	0	5
13	13	5	610	675	0	5
13	13	5	615	680	0	5
13	13	5	620	685	0	5
13	13	5	625	690	0	5
13	13	5	630	695	0	5
13	13	5	635	700	0	5
13	13	5	640	705	0	5
13	13	5	645	710	0	5
13	13	5	650	715	0	5
13	13	5	655	720	0	5
13	13	5	660	725	0	5
13	13	5	665	730	0	5
13	13	5	670	735	0	5
13	13	5	675	740	0	5
13	13	5	680	745	0	5
13	13	5	685	750	0	5
13	13	5	690	755	0	5
13	13	5	695	760	0	5
13	13	5	700	765	0	5
13	13	5	705	770	0	5
13	13	5	710	775	0	5
13	13	5	715	780	0	5
13	13	5	720	785	0	5
14	1	14	605	680	0	0
14	1	14	610	685	0	0
14	1	14	615	690	0	0
14	1	14	620	695	0	0
14	1	14	625	700	0	0
14	1	14	630	705	0	0
14	1	14	635	710	0	0
14	1	14	640	715	0	0
14	1	14	645	720	0	0
14	1	14	650	725	0	0
14	1	14	655	730	0	0
14	1	14	660	735	0	0
14	1	14	665	740	0	0
14	1	14	670	745	0	0
14	1	14	675	750	0	0
14	1	14	680	755	0	0
14	1	14	685	760	0	0
14	1	14	690	765	0	0
14	1	14	695	770	0	0
14	1	14	700	775	0	0
14	1	14	705	780	0	0
14	1	14	710	785	0	0
14	1	14	715	790	0	0
14	1	14	720	795	0	0
14	1	14	725	800	0	0
15	2	14	660	755	0	2
15	2	14	665	760	0	2
15	2	14	670	765	0	2
15	2	14	675	770	0	2
15	2	14	680	775	0	2
15	2	14	685	780	0	2
15	2	14	690	785	0	2
15	2	14	695	790	0	2
15	2	14	700	795	0	2
15	2	14	705	800	0	2
15	2	14	710	805	0	2
15	2	14	715	810	0	2
15	2	14	720	815	0	2
15	2	14	725	820	0	2
15	2	14	730	825	0	2
15	2	14	735	830	0	2
15	2	14	740	835	0	2
15	2	14	745	840	0	2
15	2	14	750	845	0	2
15	2	14	755	850	0	2
15	2	14	760	855	0	2
15	2	14	765	860	0	2
15	2	14	770	865	0	2
15	2	14	775	870	0	2
15	2	14	780	875	0	2
16	5	16	700	770	0	4
16	5	16	705	775	0	4
16	5	16	710	780	0	4
16	5	16	715	785	0	4
16	5	16	720	790	0	4
16	5	16	725	795	0	4
16	5	16	730	800	0	4
16	5	16	735	805	0	4
16	5	16	740	810	0	4
16	5	16	745	815	0	4
16	5	16	750	820	0	4
16	5	16	755	825	0	4
16	5	16	760	830	0	4
16	5	16	765	835	0	4
16	5	16	770	840	0	4
16	5	16	775	845	0	4
16	5	16	780	850	0	4
16	5	16	785	855	0	4
16	5	16	790	860	0	4
16	5	16	795	865	0	4
16	5	16	800	870	0	4
16	5	16	805	875	0	4
16	5	16	810	880	0	4
16	5	16	815	885	0	4
16	5	16	820	890	0	4
17	5	13	705	770	0	5
17	5	13	710	775	0	5
17	5	13	715	780	0	5
17	5	13	720	785	0	5
17	5	13	725	790	0	5
17	5	13	730	795	0	5
17	5	13	735	800	0	5
17	5	13	740	805	0	5
17	5	13	745	810	0	5
17	5	13	750	815	0	5
17	5	13	755	820	0	5
17	5	13	760	825	0	5
17	5	13	765	830	0	5
17	5	13	770	835	0	5
17	5	13	775	840	0	5
17	5	13	780	845	0	5
17	5	13	785	850	0	5
17	5	13	790	855	0	5
17	5	13	795	860	0	5
17	5	13	800	865	0	5
17	5	13	805	870	0	5
17	5	13	810	875	0	5
17	5	13	815	880	0	5
17	5	13	820	885	0	5
17	5	13	825	890	0	5
18	5	9	720	790	0	3
18	5	9	725	795	0	3
18	5	9	730	800	0	3
18	5	9	735	805	0	3
18	5	9	740	810	0	3
18	5	9	745	815	0	3
18	5	9	750	820	0	3
18	5	9	755	825	0	3
18	5	9	760	830	0	3
18	5	9	765	835	0	3
18	5	9	770	840	0	3
18	5	9	775	845	0	3
18	5	9	780	850	0	3
18	5	9	785	855	0	3
18	5	9	790	860	0	3
18	5	9	795	865	0	3
18	5	9	800	870	0	3
18	5	9	805	875	0	3
18	5	9	810	880	0	3
18	5	9	815	885	0	3
18	5	9	820	890	0	3
18	5	9	825	895	0	3
18	5	9	830	900	0	3
18	5	9	835	905	0	3
18	5	9	840	910	0	3
19	14	2	805	900	0	2
19	14	2	810	905	0	2
19	14	2	815	910	0	2
19	14	2	820	915	0	2
19	14	2	825	920	0	2
19	14	2	830	925	0	2
19	14	2	835	930	0	2
19	14	2	840	935	0	2
19	14	2	845	940	0	2
19	14	2	850	945	0	2
19	14	2	855	950	0	2
19	14	2	860	955	0	2
19	14	2	865	960	0	2
19	14	2	870	965	0	2
19	14	2	875	970	0	2
19	14	2	880	975	0	2
19	14	2	885	980	0	2
19	14	2	890	985	0	2
19	14	2	895	990	0	2
19	14	2	900	995	0	2
19	14	2	905	1000	0	2
19	14	2	910	1005	0	2
19	14	2	915	1010	0	2
19	14	2	920	1015	0	2
19	14	2	925	1020	0	2
20	13	5	815	880	0	5
20	13	5	820	885	0	5
20	13	5	825	890	0	5
20	13	5	830	895	0	5
20	13	5	835	900	0	5
20	13	5	840	905	0	5
20	13	5	845	910	0	5
20	13	5	850	915	0	5
20	13	5	855	920	0	5
20	13	5	860	925	0	5
20	13	5	865	930	0	5
20	13	5	870	935	0	5
20	13	5	875	940	0	5
20	13	5	880	945	0	5
20	13	5	885	950	0	5
20	13	5	890	955	0	5
20	13	5	895	960	0	5
20	13	5	900	965	0	5
20	13	5	905	970	0	5
20	13	5	910	975	0	5
20	13	5	915	980	0	5
20	13	5	920	985	0	5
20	13	5	925	990	0	5
20	13	5	930	995	0	5
20	13	5	935	1000	0	5
21	9	5	830	905	0	3
21	9	5	835	910	0	3
21	9	5	840	915	0	3
21	9	5	845	920	0	3
21	9	5	850	925	0	3
21	9	5	855	930	0	3
21	9	5	860	935	0	3
21	9	5	865	940	0	3
21	9	5	870	945	0	3
21	9	5	875	950	0	3
21	9	5	880	955	0	3
21	9	5	885	960	0	3
21	9	5	890	965	0	3
21	9	5	895	970	0	3
21	9	5	900	975	0	3
21	9	5	905	980	0	3
21	9	5	910	985	0	3
21	9	5	915	990	0	3
21	9	5	920	995	0	3
21	9	5	925	1000	0	3
21	9	5	930	1005	0	3
21	9	5	935	1010	0	3
21	9	5	940	1015	0	3
21	9	5	945	1020	0	3
21	9	5	950	1025	0	3
22	16	5	850	920	0	4
22	16	5	855	925	0	4
22	16	5	860	930	0	4
22	16	5	865	935	0	4
22	16	5	870	940	0	4
22	16	5	875	945	0	4
22	16	5	880	950	0	4
22	16	5	885	955	0	4
22	16	5	890	960	0	4
22	16	5	895	965	0	4
22	16	5	900	970	0	4
22	16	5	905	975	0	4
22	16	5	910	980	0	4
22	16	5	915	985	0	4
22	16	5	920	990	0	4
22	16	5	925	995	0	4
22	16	5	930	1000	0	4
22	16	5	935	1005	0	4
22	16	5	940	1010	0	4
22	16	5	945	1015	0	4
22	16	5	950	1020	0	4
22	16	5	955	1025	0	4
22	16	5	960	1030	0	4
22	16	5	965	1035	0	4
22	16	5	970	1040	0	4
23	14	1	880	950	0	0
23	14	1	885	955	0	0
23	14	1	890	960	0	0
23	14	1	895	965	0	0
23	14	1	900	970	0	0
23	14	1	905	975	0	0
23	14	1	910	980	0	0
23	14	1	915	985	0	0
23	14	1	920	990	0	0
23	14	1	925	995	0	0
23	14	1	930	1000	0	0
23	14	1	935	1005	0	0
23	14	1	940	1010	0	0
23	14	1	945	1015	0	0
23	14	1	950	1020	0	0
23	14	1	955	1025	0	0
23	14	1	960	1030	0	0
23	14	1	965	1035	0	0
23	14	1	970	1040	0	0
23	14	1	975	1045	0	0
23	14	1	980	1050	0	0
23	14	1	985	1055	0	0
23	14	1	990	1060	0	0
23	14	1	995	1065	0	0
23	14	1	1000	1070	0	0
24	0	14	880	980	0	1
24	0	14	885	985	0	1
24	0	14	890	990	0	1
24	0	14	895	995	0	1
24	0	14	900	1000	0	1
24	0	14	905	1005	0	1
24	0	14	910	1010	0	1
24	0	14	915	1015	0	1
24	0	14	920	1020	0	1
24	0	14	925	1025	0	1
24	0	14	930	1030	0	1
24	0	14	935	1035	0	1
24	0	14	940	1040	0	1
24	0	14	945	1045	0	1
24	0	14	950	1050	0	1
24	0	14	955	1055	0	1
24	0	14	960	1060	0	1
24	0	14	965	1065	0	1
24	0	14	970	1070	0	1
24	0	14	975	1075	0	1
24	0	14	980	1080	0	1
24	0	14	985	1085	0	1
24	0	14	990	1090	0	1
24	0	14	995	1095	0	1
24	0	14	1000	1100	0	1
25	5	9	945	1015	0	3
25	5	9	950	1020	0	3
25	5	9	955	1025	0	3
25	5	9	960	1030	0	3
25	5	9	965	1035	0	3
25	5	9	970	1040	0	3
25	5	9	975	1045	0	3
25	5	9	980	1050	0	3
25	5	9	985	1055	0	3
25	5	9	990	1060	0	3
25	5	9	995	1065	0	3
25	5	9	1000	1070	0	3
25	5	9	1005	1075	0	3
25	5	9	1010	1080	0	3
25	5	9	1015	1085	0	3
25	5	9	1020	1090	0	3
25	5	9	1025	1095	0	3
25	5	9	1030	1100	0	3
25	5	9	1035	1105	0	3
25	5	9	1040	1110	0	3
25	5	9	1045	1115	0	3
25	5	9	1050	1120	0	3
25	5	9	1055	1125	0	3
25	5	9	1060	1130	0	3
25	5	9	1065	1135	0	3
26	2	14	950	1045	0	2
26	2	14	955	1050	0	2
26	2	14	960	1055	0	2
26	2	14	965	1060	0	2
26	2	14	970	1065	0	2
26	2	14	975	1070	0	2
26	2	14	980	1075	0	2
26	2	14	985	1080	0	2
26	2	14	990	1085	0	2
26	2	14	995	1090	0	2
26	2	14	1000	1095	0	2
26	2	14	1005	1100	0	2
26	2	14	1010	1105	0	2
26	2	14	1015	1110	0	2
26	2	14	1020	1115	0	2
26	2	14	1025	1120	0	2
26	2	14	1030	1125	0	2
26	2	14	1035	1130	0	2
26	2	14	1040	1135	0	2
26	2	14	1045	1140	0	2
26	2	14	1050	1145	0	2
26	2	14	1055	1150	0	2
26	2	14	1060	1155	0	2
26	2	14	1065	1160	0	2
26	2	14	1070	1165	0	2
27	5	13	975	1040	0	5
27	5	13	980	1045	0	5
27	5	13	985	1050	0	5
27	5	13	990	1055	0	5
27	5	13	995	1060	0	5
27	5	13	1000	1065	0	5
27	5	13	1005	1070	0	5
27	5	13	1010	1075	0	5
27	5	13	1015	1080	0	5
27	5	13	1020	1085	0	5
27	5	13	1025	1090	0	5
27	5	13	1030	1095	0	5
27	5	13	1035	1100	0	5
27	5	13	1040	1105	0	5
27	5	13	1045	1110	0	5
27	5	13	1050	1115	0	5
27	5	13	1055	1120	0	5
27	5	13	1060	1125	0	5
27	5	13	1065	1130	0	5
27	5	13	1070	1135	0	5
27	5	13	1075	1140	0	5
27	5	13	1080	1145	0	5
27	5	13	1085	1150	0	5
27	5	13	1090	1155	0	5
27	5	13	1095	1160	0	5
28	5	16	990	1060	0	4
28	5	16	995	1065	0	4
28	5	16	1000	1070	0	4
28	5	16	1005	1075	0	4
28	5	16	1010	1080	0	4
28	5	16	1015	1085	0	4
28	5	16	1020	1090	0	4
28	5	16	1025	1095	0	4
28	5	16	1030	1100	0	4
28	5	16	1035	1105	0	4
28	5	16	1040	1110	0	4
28	5	16	1045	1115	0	4
28	5	16	1050	1120	0	4
28	5	16	1055	1125	0	4
28	5	16	1060	1130	0	4
28	5	16	1065	1135	0	4
28	5	16	1070	1140	0	4
28	5	16	1075	1145	0	4
28	5	16	1080	1150	0	4
28	5	16	1085	1155	0	4
28	5	16	1090	1160	0	4
28	5	16	1095	1165	0	4
28	5	16	1100	1170	0	4
28	5	16	1105	1175	0	4
28	5	16	1110	1180	0	4
29	1	14	995	1070	0	0
29	1	14	1000	1075	0	0
29	1	14	1005	1080	0	0
29	1	14	1010	1085	0	0
29	1	14	1015	1090	0	0
29	1	14	1020	1095	0	0
29	1	14	1025	1100	0	0
29	1	14	1030	1105	0	0
29	1	14	1035	1110	0	0
29	1	14	1040	1115	0	0
29	1	14	1045	1120	0	0
29	1	14	1050	1125	0	0
29	1	14	1055	1130	0	0
29	1	14	1060	1135	0	0
29	1	14	1065	1140	0	0
29	1	14	1070	1145	0	0
29	1	14	1075	1150	0	0
29	1	14	1080	1155	0	0
29	1	14	1085	1160	0	0
29	1	14	1090	1165	0	0
29	1	14	1095	1170	0	0
29	1	14	1100	1175	0	0
29	1	14	1105	1180	0	0
29	1	14	1110	1185	0	0
29	1	14	1115	1190	0	0
30	14	0	1030	1130	0	1
30	14	0	1035	1135	0	1
30	14	0	1040	1140	0	1
30	14	0	1045	1145	0	1
30	14	0	1050	1150	0	1
30	14	0	1055	1155	0	1
30	14	0	1060	1160	0	1
30	14	0	1065	1165	0	1
30	14	0	1070	1170	0	1
30	14	0	1075	1175	0	1
30	14	0	1080	1180	0	1
30	14	0	1085	1185	0	1
30	14	0	1090	1190	0	1
30	14	0	1095	1195	0	1
30	14	0	1100	1200	0	1
30	14	0	1105	1205	0	1
30	14	0	1110	1210	0	1
30	14	0	1115	1215	0	1
30	14	0	1120	1220	0	1
30	14	0	1125	1225	0	1
30	14	0	1130	1230	0	1
30	14	0	1135	1235	0	1
30	14	0	1140	1240	0	1
30	14	0	1145	1245	0	1
30	14	0	1150	1250	0	1
31	9	5	1055	1130	0	3
31	9	5	1060	1135	0	3
31	9	5	1065	1140	0	3
31	9	5	1070	1145	0	3
31	9	5	1075	1150	0	3
31	9	5	1080	1155	0	3
31	9	5	1085	1160	0	3
31	9	5	1090	1165	0	3
31	9	5	1095	1170	0	3
31	9	5	1100	1175	0	3
31	9	5	1105	1180	0	3
31	9	5	1110	1185	0	3
31	9	5	1115	1190	0	3
31	9	5	1120	1195	0	3
31	9	5	1125	1200	0	3
31	9	5	1130	1205	0	3
31	9	5	1135	1210	0	3
31	9	5	1140	1215	0	3
31	9	5	1145	1220	0	3
31	9	5	1150	1225	0	3
31	9	5	1155	1230	0	3
31	9	5	1160	1235	0	3
31	9	5	1165	1240	0	3
31	9	5	1170	1245	0	3
31	9	5	1175	1250	0	3
32	13	5	1085	1150	0	5
32	13	5	1090	1155	0	5
32	13	5	1095	1160	0	5
32	13	5	1100	1165	0	5
32	13	5	1105	1170	0	5
32	13	5	1110	1175	0	5
32	13	5	1115	1180	0	5
32	13	5	1120	1185	0	5
32	13	5	1125	1190	0	5
32	13	5	1130	1195	0	5
32	13	5	1135	1200	0	5
32	13	5	1140	1205	0	5
32	13	5	1145	1210	0	5
32	13	5	1150	1215	0	5
32	13	5	1155	1220	0	5
32	13	5	1160	1225	0	5
32	13	5	1165	1230	0	5
32	13	5	1170	1235	0	5
32	13	5	1175	1240	0	5
32	13	5	1180	1245	0	5
32	13	5	1185	1250	0	5
32	13	5	1190	1255	0	5
32	13	5	1195	1260	0	5
32	13	5	1200	1265	0	5
32	13	5	1205	1270	0	5
33	16	5	1105	1175	0	4
33	16	5	1110	1180	0	4
33	16	5	1115	1185	0	4
33	16	5	1120	1190	0	4
33	16	5	1125	1195	0	4
33	16	5	1130	1200	0	4
33	16	5	1135	1205	0	4
33	16	5	1140	1210	0	4
33	16	5	1145	1215	0	4
33	16	5	1150	1220	0	4
33	16	5	1155	1225	0	4
33	16	5	1160	1230	0	4
33	16	5	1165	1235	0	4
33	16	5	1170	1240	0	4
33	16	5	1175	1245	0	4
33	16	5	1180	1250	0	4
33	16	5	1185	1255	0	4
33	16	5	1190	1260	0	4
33	16	5	1195	1265	0	4
33	16	5	1200	1270	0	4
33	16	5	1205	1275	0	4
33	16	5	1210	1280	0	4
33	16	5	1215	1285	0	4
33	16	5	1220	1290	0	4
33	16	5	1225	1295	0	4
34	14	2	1140	1235	0	2
34	14	2	1145	1240	0	2
34	14	2	1150	1245	0	2
34	14	2	1155	1250	0	2
34	14	2	1160	1255	0	2
34	14	2	1165	1260	0	2
34	14	2	1170	1265	0	2
34	14	2	1175	1270	0	2
34	14	2	1180	1275	0	2
34	14	2	1185	1280	0	2
34	14	2	1190	1285	0	2
34	14	2	1195	1290	0	2
34	14	2	1200	1295	0	2
34	14	2	1205	1300	0	2
34	14	2	1210	1305	0	2
34	14	2	1215	1310	0	2
34	14	2	1220	1315	0	2
34	14	2	1225	1320	0	2
34	14	2	1230	1325	0	2
34	14	2	1235	1330	0	2
34	14	2	1240	1335	0	2
34	14	2	1245	1340	0	2
34	14	2	1250	1345	0	2
34	14	2	1255	1350	0	2
34	14	2	1260	1355	0	2
35	5	9	1195	1265	0	3
35	5	9	1200	1270	0	3
35	5	9	1205	1275	0	3
35	5	9	1210	1280	0	3
35	5	9	1215	1285	0	3
35	5	9	1220	1290	0	3
35	5	9	1225	1295	0	3
35	5	9	1230	1300	0	3
35	5	9	1235	1305	0	3
35	5	9	1240	1310	0	3
35	5	9	1245	1315	0	3
35	5	9	1250	1320	0	3
35	5	9	1255	1325	0	3
35	5	9	1260	1330	0	3
35	5	9	1265	1335	0	3
35	5	9	1270	1340	0	3
35	5	9	1275	1345	0	3
35	5	9	1280	1350	0	3
35	5	9	1285	1355	0	3
35	5	9	1290	1360	0	3
35	5	9	1295	1365	0	3
35	5	9	1300	1370	0	3
35	5	9	1305	1375	0	3
35	5	9	1310	1380	0	3
35	5	9	1315	1385	0	3
36	5	13	1200	1265	0	5
36	5	13	1205	1270	0	5
36	5	13	1210	1275	0	5
36	5	13	1215	1280	0	5
36	5	13	1220	1285	0	5
36	5	13	1225	1290	0	5
36	5	13	1230	1295	0	5
36	5	13	1235	1300	0	5
36	5	13	1240	1305	0	5
36	5	13	1245	1310	0	5
36	5	13	1250	1315	0	5
36	5	13	1255	1320	0	5
36	5	13	1260	1325	0	5
36	5	13	1265	1330	0	5
36	5	13	1270	1335	0	5
36	5	13	1275	1340	0	5
36	5	13	1280	1345	0	5
36	5	13	1285	1350	0	5
36	5	13	1290	1355	0	5
36	5	13	1295	1360	0	5
36	5	13	1300	1365	0	5
36	5	13	1305	1370	0	5
36	5	13	1310	1375	0	5
36	5	13	1315	1380	0	5
36	5	13	1320	1385	0	5
37	14	1	1220	1290	0	0
37	14	1	1225	1295	0	0
37	14	1	1230	1300	0	0
37	14	1	1235	1305	0	0
37	14	1	1240	1310	0	0
37	14	1	1245	1315	0	0
37	14	1	1250	1320	0	0
37	14	1	1255	1325	0	0
37	14	1	1260	1330	0	0
37	14	1	1265	1335	0	0
37	14	1	1270	1340	0	0
37	14	1	1275	1345	0	0
37	14	1	1280	1350	0	0
37	14	1	1285	1355	0	0
37	14	1	1290	1360	0	0
37	14	1	1295	1365	0	0
37	14	1	1300	1370	0	0
37	14	1	1305	1375	0	0
37	14	1	1310	1380	0	0
37	14	1	1315	1385	0	0
37	14	1	1320	1390	0	0
37	14	1	1325	1395	0	0
37	14	1	1330	1400	0	0
37	14	1	1335	1405	0	0
37	14	1	1340	1410	0	0
38	5	17	1230	1315	0	4
38	5	17	1235	1320	0	4
38	5	17	1240	1325	0	4
38	5	17	1245	1330	0	4
38	5	17	1250	1335	0	4
38	5	17	1255	1340	0	4
38	5	17	1260	1345	0	4
38	5	17	1265	1350	0	4
38	5	17	1270	1355	0	4
38	5	17	1275	1360	0	4
38	5	17	1280	1365	0	4
38	5	17	1285	1370	0	4
38	5	17	1290	1375	0	4
38	5	17	1295	1380	0	4
38	5	17	1300	1385	0	4
38	5	17	1305	1390	0	4
38	5	17	1310	1395	0	4
38	5	17	1315	1400	0	4
38	5	17	1320	1405	0	4
38	5	17	1325	1410	0	4
38	5	17	1330	1415	0	4
38	5	17	1335	1420	0	4
38	5	17	1340	1425	0	4
38	5	17	1345	1430	0	4
38	5	17	1350	1435	0	4
39	0	0	800	90	0	1
40	14	14	1200	1300	0	0
41	17	14	340	420	1	6
41	17	14	345	425	1	6
41	17	14	350	430	1	6
41	17	14	355	435	1	6
41	17	14	360	440	1	6
41	17	14	365	445	1	6
41	17	14	370	450	1	6
41	17	14	375	455	1	6
41	17	14	380	460	1	6
41	17	14	385	465	1	6
41	17	14	390	470	1	6
41	17	14	395	475	1	6
41	17	14	400	480	1	6
41	17	14	405	485	1	6
41	17	14	410	490	1	6
41	17	14	415	495	1	6
41	17	14	420	500	1	6
41	17	14	425	505	1	6
41	17	14	430	510	1	6
41	17	14	435	515	1	6
41	17	14	440	520	1	6
41	17	14	445	525	1	6
41	17	14	450	530	1	6
41	17	14	455	535	1	6
41	17	14	460	540	1	6
42	14	17	350	420	1	7
42	14	17	355	425	1	7
42	14	17	360	430	1	7
42	14	17	365	435	1	7
42	14	17	370	440	1	7
42	14	17	375	445	1	7
42	14	17	380	450	1	7
42	14	17	385	455	1	7
42	14	17	390	460	1	7
42	14	17	395	465	1	7
42	14	17	400	470	1	7
42	14	17	405	475	1	7
42	14	17	410	480	1	7
42	14	17	415	485	1	7
42	14	17	420	490	1	7
42	14	17	425	495	1	7
42	14	17	430	500	1	7
42	14	17	435	505	1	7
42	14	17	440	510	1	7
42	14	17	445	515	1	7
42	14	17	450	520	1	7
42	14	17	455	525	1	7
42	14	17	460	530	1	7
42	14	17	465	535	1	7
42	14	17	470	540	1	7
43	11	14	390	470	1	11
43	11	14	395	475	1	11
43	11	14	400	480	1	11
43	11	14	405	485	1	11
43	11	14	410	490	1	11
43	11	14	415	495	1	11
43	11	14	420	500	1	11
43	11	14	425	505	1	11
43	11	14	430	510	1	11
43	11	14	435	515	1	11
43	11	14	440	520	1	11
43	11	14	445	525	1	11
43	11	14	450	530	1	11
43	11	14	455	535	1	11
43	11	14	460	540	1	11
43	11	14	465	545	1	11
43	11	14	470	550	1	11
43	11	14	475	555	1	11
43	11	14	480	560	1	11
43	11	14	485	565	1	11
43	11	14	490	570	1	11
43	11	14	495	575	1	11
43	11	14	500	580	1	11
43	11	14	505	585	1	11
43	11	14	510	590	1	11
44	17	14	400	480	1	9
44	17	14	405	485	1	9
44	17	14	410	490	1	9
44	17	14	415	495	1	9
44	17	14	420	500	1	9
44	17	14	425	505	1	9
44	17	14	430	510	1	9
44	17	14	435	515	1	9
44	17	14	440	520	1	9
44	17	14	445	525	1	9
44	17	14	450	530	1	9
44	17	14	455	535	1	9
44	17	14	460	540	1	9
44	17	14	465	545	1	9
44	17	14	470	550	1	9
44	17	14	475	555	1	9
44	17	14	480	560	1	9
44	17	14	485	565	1	9
44	17	14	490	570	1	9
44	17	14	495	575	1	9
44	17	14	500	580	1	9
44	17	14	505	585	1	9
44	17	14	510	590	1	9
44	17	14	515	595	1	9
44	17	14	520	600	1	9
45	14	17	410	480	1	8
45	14	17	415	485	1	8
45	14	17	420	490	1	8
45	14	17	425	495	1	8
45	14	17	430	500	1	8
45	14	17	435	505	1	8
45	14	17	440	510	1	8
45	14	17	445	515	1	8
45	14	17	450	520	1	8
45	14	17	455	525	1	8
45	14	17	460	530	1	8
45	14	17	465	535	1	8
45	14	17	470	540	1	8
45	14	17	475	545	1	8
45	14	17	480	550	1	8
45	14	17	485	555	1	8
45	14	17	490	560	1	8
45	14	17	495	565	1	8
45	14	17	500	570	1	8
45	14	17	505	575	1	8
45	14	17	510	580	1	8
45	14	17	515	585	1	8
45	14	17	520	590	1	8
45	14	17	525	595	1	8
45	14	17	530	600	1	8
46	17	14	460	540	1	7
46	17	14	465	545	1	7
46	17	14	470	550	1	7
46	17	14	475	555	1	7
46	17	14	480	560	1	7
46	17	14	485	565	1	7
46	17	14	490	570	1	7
46	17	14	495	575	1	7
46	17	14	500	580	1	7
46	17	14	505	585	1	7
46	17	14	510	590	1	7
46	17	14	515	595	1	7
46	17	14	520	600	1	7
46	17	14	525	605	1	7
46	17	14	530	610	1	7
46	17	14	535	615	1	7
46	17	14	540	620	1	7
46	17	14	545	625	1	7
46	17	14	550	630	1	7
46	17	14	555	635	1	7
46	17	14	560	640	1	7
46	17	14	565	645	1	7
46	17	14	570	650	1	7
46	17	14	575	655	1	7
46	17	14	580	660	1	7
47	14	17	470	540	1	6
47	14	17	475	545	1	6
47	14	17	480	550	1	6
47	14	17	485	555	1	6
47	14	17	490	560	1	6
47	14	17	495	565	1	6
47	14	17	500	570	1	6
47	14	17	505	575	1	6
47	14	17	510	580	1	6
47	14	17	515	585	1	6
47	14	17	520	590	1	6
47	14	17	525	595	1	6
47	14	17	530	600	1	6
47	14	17	535	605	1	6
47	14	17	540	610	1	6
47	14	17	545	615	1	6
47	14	17	550	620	1	6
47	14	17	555	625	1	6
47	14	17	560	630	1	6
47	14	17	565	635	1	6
47	14	17	570	640	1	6
47	14	17	575	645	1	6
47	14	17	580	650	1	6
47	14	17	585	655	1	6
47	14	17	590	660	1	6
48	17	14	490	570	1	10
48	17	14	495	575	1	10
48	17	14	500	580	1	10
48	17	14	505	585	1	10
48	17	14	510	590	1	10
48	17	14	515	595	1	10
48	17	14	520	600	1	10
48	17	14	525	605	1	10
48	17	14	530	610	1	10
48	17	14	535	615	1	10
48	17	14	540	620	1	10
48	17	14	545	625	1	10
48	17	14	550	630	1	10
48	17	14	555	635	1	10
48	17	14	560	640	1	10
48	17	14	565	645	1	10
48	17	14	570	650	1	10
48	17	14	575	655	1	10
48	17	14	580	660	1	10
48	17	14	585	665	1	10
48	17	14	590	670	1	10
48	17	14	595	675	1	10
48	17	14	600	680	1	10
48	17	14	605	685	1	10
48	17	14	610	690	1	10
49	14	11	515	590	1	11
49	14	11	520	595	1	11
49	14	11	525	600	1	11
49	14	11	530	605	1	11
49	14	11	535	610	1	11
49	14	11	540	615	1	11
49	14	11	545	620	1	11
49	14	11	550	625	1	11
49	14	11	555	630	1	11
49	14	11	560	635	1	11
49	14	11	565	640	1	11
49	14	11	570	645	1	11
49	14	11	575	650	1	11
49	14	11	580	655	1	11
49	14	11	585	660	1	11
49	14	11	590	665	1	11
49	14	11	595	670	1	11
49	14	11	600	675	1	11
49	14	11	605	680	1	11
49	14	11	610	685	1	11
49	14	11	615	690	1	11
49	14	11	620	695	1	11
49	14	11	625	700	1	11
49	14	11	630	705	1	11
49	14	11	635	710	1	11
50	17	14	520	600	1	8
50	17	14	525	605	1	8
50	17	14	530	610	1	8
50	17	14	535	615	1	8
50	17	14	540	620	1	8
50	17	14	545	625	1	8
50	17	14	550	630	1	8
50	17	14	555	635	1	8
50	17	14	560	640	1	8
50	17	14	565	645	1	8
50	17	14	570	650	1	8
50	17	14	575	655	1	8
50	17	14	580	660	1	8
50	17	14	585	665	1	8
50	17	14	590	670	1	8
50	17	14	595	675	1	8
50	17	14	600	680	1	8
50	17	14	605	685	1	8
50	17	14	610	690	1	8
50	17	14	615	695	1	8
50	17	14	620	700	1	8
50	17	14	625	705	1	8
50	17	14	630	710	1	8
50	17	14	635	715	1	8
50	17	14	640	720	1	8
51	14	17	530	600	1	9
51	14	17	535	605	1	9
51	14	17	540	610	1	9
51	14	17	545	615	1	9
51	14	17	550	620	1	9
51	14	17	555	625	1	9
51	14	17	560	630	1	9
51	14	17	565	635	1	9
51	14	17	570	640	1	9
51	14	17	575	645	1	9
51	14	17	580	650	1	9
51	14	17	585	655	1	9
51	14	17	590	660	1	9
51	14	17	595	665	1	9
51	14	17	600	670	1	9
51	14	17	605	675	1	9
51	14	17	610	680	1	9
51	14	17	615	685	1	9
51	14	17	620	690	1	9
51	14	17	625	695	1	9
51	14	17	630	700	1	9
51	14	17	635	705	1	9
51	14	17	640	710	1	9
51	14	17	645	715	1	9
51	14	17	650	720	1	9
52	17	14	580	660	1	6
52	17	14	585	665	1	6
52	17	14	590	670	1	6
52	17	14	595	675	1	6
52	17	14	600	680	1	6
52	17	14	605	685	1	6
52	17	14	610	690	1	6
52	17	14	615	695	1	6
52	17	14	620	700	1	6
52	17	14	625	705	1	6
52	17	14	630	710	1	6
52	17	14	635	715	1	6
52	17	14	640	720	1	6
52	17	14	645	725	1	6
52	17	14	650	730	1	6
52	17	14	655	735	1	6
52	17	14	660	740	1	6
52	17	14	665	745	1	6
52	17	14	670	750	1	6
52	17	14	675	755	1	6
52	17	14	680	760	1	6
52	17	14	685	765	1	6
52	17	14	690	770	1	6
52	17	14	695	775	1	6
52	17	14	700	780	1	6
53	14	17	590	660	1	7
53	14	17	595	665	1	7
53	14	17	600	670	1	7
53	14	17	605	675	1	7
53	14	17	610	680	1	7
53	14	17	615	685	1	7
53	14	17	620	690	1	7
53	14	17	625	695	1	7
53	14	17	630	700	1	7
53	14	17	635	705	1	7
53	14	17	640	710	1	7
53	14	17	645	715	1	7
53	14	17	650	720	1	7
53	14	17	655	725	1	7
53	14	17	660	730	1	7
53	14	17	665	735	1	7
53	14	17	670	740	1	7
53	14	17	675	745	1	7
53	14	17	680	750	1	7
53	14	17	685	755	1	7
53	14	17	690	760	1	7
53	14	17	695	765	1	7
53	14	17	700	770	1	7
53	14	17	705	775	1	7
53	14	17	710	780	1	7
54	11	14	630	710	1	11
54	11	14	635	715	1	11
54	11	14	640	720	1	11
54	11	14	645	725	1	11
54	11	14	650	730	1	11
54	11	14	655	735	1	11
54	11	14	660	740	1	11
54	11	14	665	745	1	11
54	11	14	670	750	1	11
54	11	14	675	755	1	11
54	11	14	680	760	1	11
54	11	14	685	765	1	11
54	11	14	690	770	1	11
54	11	14	695	775	1	11
54	11	14	700	780	1	11
54	11	14	705	785	1	11
54	11	14	710	790	1	11
54	11	14	715	795	1	11
54	11	14	720	800	1	11
54	11	14	725	805	1	11
54	11	14	730	810	1	11
54	11	14	735	815	1	11
54	11	14	740	820	1	11
54	11	14	745	825	1	11
54	11	14	750	830	1	11
55	17	14	640	720	1	9
55	17	14	645	725	1	9
55	17	14	650	730	1	9
55	17	14	655	735	1	9
55	17	14	660	740	1	9
55	17	14	665	745	1	9
55	17	14	670	750	1	9
55	17	14	675	755	1	9
55	17	14	680	760	1	9
55	17	14	685	765	1	9
55	17	14	690	770	1	9
55	17	14	695	775	1	9
55	17	14	700	780	1	9
55	17	14	705	785	1	9
55	17	14	710	790	1	9
55	17	14	715	795	1	9
55	17	14	720	800	1	9
55	17	14	725	805	1	9
55	17	14	730	810	1	9
55	17	14	735	815	1	9
55	17	14	740	820	1	9
55	17	14	745	825	1	9
55	17	14	750	830	1	9
55	17	14	755	835	1	9
55	17	14	760	840	1	9
56	14	3	645	720	1	10
56	14	3	650	725	1	10
56	14	3	655	730	1	10
56	14	3	660	735	1	10
56	14	3	665	740	1	10
56	14	3	670	745	1	10
56	14	3	675	750	1	10
56	14	3	680	755	1	10
56	14	3	685	760	1	10
56	14	3	690	765	1	10
56	14	3	695	770	1	10
56	14	3	700	775	1	10
56	14	3	705	780	1	10
56	14	3	710	785	1	10
56	14	3	715	790	1	10
56	14	3	720	795	1	10
56	14	3	725	800	1	10
56	14	3	730	805	1	10
56	14	3	735	810	1	10
56	14	3	740	815	1	10
56	14	3	745	820	1	10
56	14	3	750	825	1	10
56	14	3	755	830	1	10
56	14	3	760	835	1	10
56	14	3	765	840	1	10
57	14	17	650	720	1	8
57	14	17	655	725	1	8
57	14	17	660	730	1	8
57	14	17	665	735	1	8
57	14	17	670	740	1	8
57	14	17	675	745	1	8
57	14	17	680	750	1	8
57	14	17	685	755	1	8
57	14	17	690	760	1	8
57	14	17	695	765	1	8
57	14	17	700	770	1	8
57	14	17	705	775	1	8
57	14	17	710	780	1	8
57	14	17	715	785	1	8
57	14	17	720	790	1	8
57	14	17	725	795	1	8
57	14	17	730	800	1	8
57	14	17	735	805	1	8
57	14	17	740	810	1	8
57	14	17	745	815	1	8
57	14	17	750	820	1	8
57	14	17	755	825	1	8
57	14	17	760	830	1	8
57	14	17	765	835	1	8
57	14	17	770	840	1	8
58	17	14	700	780	1	7
58	17	14	705	785	1	7
58	17	14	710	790	1	7
58	17	14	715	795	1	7
58	17	14	720	800	1	7
58	17	14	725	805	1	7
58	17	14	730	810	1	7
58	17	14	735	815	1	7
58	17	14	740	820	1	7
58	17	14	745	825	1	7
58	17	14	750	830	1	7
58	17	14	755	835	1	7
58	17	14	760	840	1	7
58	17	14	765	845	1	7
58	17	14	770	850	1	7
58	17	14	775	855	1	7
58	17	14	780	860	1	7
58	17	14	785	865	1	7
58	17	14	790	870	1	7
58	17	14	795	875	1	7
58	17	14	800	880	1	7
58	17	14	805	885	1	7
58	17	14	810	890	1	7
58	17	14	815	895	1	7
58	17	14	820	900	1	7
59	14	17	710	780	1	6
59	14	17	715	785	1	6
59	14	17	720	790	1	6
59	14	17	725	795	1	6
59	14	17	730	800	1	6
59	14	17	735	805	1	6
59	14	17	740	810	1	6
59	14	17	745	815	1	6
59	14	17	750	820	1	6
59	14	17	755	825	1	6
59	14	17	760	830	1	6
59	14	17	765	835	1	6
59	14	17	770	840	1	6
59	14	17	775	845	1	6
59	14	17	780	850	1	6
59	14	17	785	855	1	6
59	14	17	790	860	1	6
59	14	17	795	865	1	6
59	14	17	800	870	1	6
59	14	17	805	875	1	6
59	14	17	810	880	1	6
59	14	17	815	885	1	6
59	14	17	820	890	1	6
59	14	17	825	895	1	6
59	14	17	830	900	1	6
60	14	11	755	830	1	11
60	14	11	760	835	1	11
60	14	11	765	840	1	11
60	14	11	770	845	1	11
60	14	11	775	850	1	11
60	14	11	780	855	1	11
60	14	11	785	860	1	11
60	14	11	790	865	1	11
60	14	11	795	870	1	11
60	14	11	800	875	1	11
60	14	11	805	880	1	11
60	14	11	810	885	1	11
60	14	11	815	890	1	11
60	14	11	820	895	1	11
60	14	11	825	900	1	11
60	14	11	830	905	1	11
60	14	11	835	910	1	11
60	14	11	840	915	1	11
60	14	11	845	920	1	11
60	14	11	850	925	1	11
60	14	11	855	930	1	11
60	14	11	860	935	1	11
60	14	11	865	940	1	11
60	14	11	870	945	1	11
60	14	11	875	950	1	11
61	17	14	760	840	1	8
61	17	14	765	845	1	8
61	17	14	770	850	1	8
61	17	14	775	855	1	8
61	17	14	780	860	1	8
61	17	14	785	865	1	8
61	17	14	790	870	1	8
61	17	14	795	875	1	8
61	17	14	800	880	1	8
61	17	14	805	885	1	8
61	17	14	810	890	1	8
61	17	14	815	895	1	8
61	17	14	820	900	1	8
61	17	14	825	905	1	8
61	17	14	830	910	1	8
61	17	14	835	915	1	8
61	17	14	840	920	1	8
61	17	14	845	925	1	8
61	17	14	850	930	1	8
61	17	14	855	935	1	8
61	17	14	860	940	1	8
61	17	14	865	945	1	8
61	17	14	870	950	1	8
61	17	14	875	955	1	8
61	17	14	880	960	1	8
62	14	17	770	840	1	9
62	14	17	775	845	1	9
62	14	17	780	850	1	9
62	14	17	785	855	1	9
62	14	17	790	860	1	9
62	14	17	795	865	1	9
62	14	17	800	870	1	9
62	14	17	805	875	1	9
62	14	17	810	880	1	9
62	14	17	815	885	1	9
62	14	17	820	890	1	9
62	14	17	825	895	1	9
62	14	17	830	900	1	9
62	14	17	835	905	1	9
62	14	17	840	910	1	9
62	14	17	845	915	1	9
62	14	17	850	920	1	9
62	14	17	855	925	1	9
62	14	17	860	930	1	9
62	14	17	865	935	1	9
62	14	17	870	940	1	9
62	14	17	875	945	1	9
62	14	17	880	950	1	9
62	14	17	885	955	1	9
62	14	17	890	960	1	9
63	3	14	770	850	1	10
63	3	14	775	855	1	10
63	3	14	780	860	1	10
63	3	14	785	865	1	10
63	3	14	790	870	1	10
63	3	14	795	875	1	10
63	3	14	800	880	1	10
63	3	14	805	885	1	10
63	3	14	810	890	1	10
63	3	14	815	895	1	10
63	3	14	820	900	1	10
63	3	14	825	905	1	10
63	3	14	830	910	1	10
63	3	14	835	915	1	10
63	3	14	840	920	1	10
63	3	14	845	925	1	10
63	3	14	850	930	1	10
63	3	14	855	935	1	10
63	3	14	860	940	1	10
63	3	14	865	945	1	10
63	3	14	870	950	1	10
63	3	14	875	955	1	10
63	3	14	880	960	1	10
63	3	14	885	965	1	10
63	3	14	890	970	1	10
64	17	14	820	900	1	6
64	17	14	825	905	1	6
64	17	14	830	910	1	6
64	17	14	835	915	1	6
64	17	14	840	920	1	6
64	17	14	845	925	1	6
64	17	14	850	930	1	6
64	17	14	855	935	1	6
64	17	14	860	940	1	6
64	17	14	865	945	1	6
64	17	14	870	950	1	6
64	17	14	875	955	1	6
64	17	14	880	960	1	6
64	17	14	885	965	1	6
64	17	14	890	970	1	6
64	17	14	895	975	1	6
64	17	14	900	980	1	6
64	17	14	905	985	1	6
64	17	14	910	990	1	6
64	17	14	915	995	1	6
64	17	14	920	1000	1	6
64	17	14	925	1005	1	6
64	17	14	930	1010	1	6
64	17	14	935	1015	1	6
64	17	14	940	1020	1	6
65	14	17	830	900	1	7
65	14	17	835	905	1	7
65	14	17	840	910	1	7
65	14	17	845	915	1	7
65	14	17	850	920	1	7
65	14	17	855	925	1	7
65	14	17	860	930	1	7
65	14	17	865	935	1	7
65	14	17	870	940	1	7
65	14	17	875	945	1	7
65	14	17	880	950	1	7
65	14	17	885	955	1	7
65	14	17	890	960	1	7
65	14	17	895	965	1	7
65	14	17	900	970	1	7
65	14	17	905	975	1	7
65	14	17	910	980	1	7
65	14	17	915	985	1	7
65	14	17	920	990	1	7
65	14	17	925	995	1	7
65	14	17	930	1000	1	7
65	14	17	935	1005	1	7
65	14	17	940	1010	1	7
65	14	17	945	1015	1	7
65	14	17	950	1020	1	7
66	11	14	870	950	1	11
66	11	14	875	955	1	11
66	11	14	880	960	1	11
66	11	14	885	965	1	11
66	11	14	890	970	1	11
66	11	14	895	975	1	11
66	11	14	900	980	1	11
66	11	14	905	985	1	11
66	11	14	910	990	1	11
66	11	14	915	995	1	11
66	11	14	920	1000	1	11
66	11	14	925	1005	1	11
66	11	14	930	1010	1	11
66	11	14	935	1015	1	11
66	11	14	940	1020	1	11
66	11	14	945	1025	1	11
66	11	14	950	1030	1	11
66	11	14	955	1035	1	11
66	11	14	960	1040	1	11
66	11	14	965	1045	1	11
66	11	14	970	1050	1	11
66	11	14	975	1055	1	11
66	11	14	980	1060	1	11
66	11	14	985	1065	1	11
66	11	14	990	1070	1	11
67	17	14	880	960	1	9
67	17	14	885	965	1	9
67	17	14	890	970	1	9
67	17	14	895	975	1	9
67	17	14	900	980	1	9
67	17	14	905	985	1	9
67	17	14	910	990	1	9
67	17	14	915	995	1	9
67	17	14	920	1000	1	9
67	17	14	925	1005	1	9
67	17	14	930	1010	1	9
67	17	14	935	1015	1	9
67	17	14	940	1020	1	9
67	17	14	945	1025	1	9
67	17	14	950	1030	1	9
67	17	14	955	1035	1	9
67	17	14	960	1040	1	9
67	17	14	965	1045	1	9
67	17	14	970	1050	1	9
67	17	14	975	1055	1	9
67	17	14	980	1060	1	9
67	17	14	985	1065	1	9
67	17	14	990	1070	1	9
67	17	14	995	1075	1	9
67	17	14	1000	1080	1	9
68	14	17	890	960	1	8
68	14	17	895	965	1	8
68	14	17	900	970	1	8
68	14	17	905	975	1	8
68	14	17	910	980	1	8
68	14	17	915	985	1	8
68	14	17	920	990	1	8
68	14	17	925	995	1	8
68	14	17	930	1000	1	8
68	14	17	935	1005	1	8
68	14	17	940	1010	1	8
68	14	17	945	1015	1	8
68	14	17	950	1020	1	8
68	14	17	955	1025	1	8
68	14	17	960	1030	1	8
68	14	17	965	1035	1	8
68	14	17	970	1040	1	8
68	14	17	975	1045	1	8
68	14	17	980	1050	1	8
68	14	17	985	1055	1	8
68	14	17	990	1060	1	8
68	14	17	995	1065	1	8
68	14	17	1000	1070	1	8
68	14	17	1005	1075	1	8
68	14	17	1010	1080	1	8
69	17	14	940	1020	1	7
69	17	14	945	1025	1	7
69	17	14	950	1030	1	7
69	17	14	955	1035	1	7
69	17	14	960	1040	1	7
69	17	14	965	1045	1	7
69	17	14	970	1050	1	7
69	17	14	975	1055	1	7
69	17	14	980	1060	1	7
69	17	14	985	1065	1	7
69	17	14	990	1070	1	7
69	17	14	995	1075	1	7
69	17	14	1000	1080	1	7
69	17	14	1005	1085	1	7
69	17	14	1010	1090	1	7
69	17	14	1015	1095	1	7
69	17	14	1020	1100	1	7
69	17	14	1025	1105	1	7
69	17	14	1030	1110	1	7
69	17	14	1035	1115	1	7
69	17	14	1040	1120	1	7
69	17	14	1045	1125	1	7
69	17	14	1050	1130	1	7
69	17	14	1055	1135	1	7
69	17	14	1060	1140	1	7
70	14	17	950	1020	1	6
70	14	17	955	1025	1	6
70	14	17	960	1030	1	6
70	14	17	965	1035	1	6
70	14	17	970	1040	1	6
70	14	17	975	1045	1	6
70	14	17	980	1050	1	6
70	14	17	985	1055	1	6
70	14	17	990	1060	1	6
70	14	17	995	1065	1	6
70	14	17	1000	1070	1	6
70	14	17	1005	1075	1	6
70	14	17	1010	1080	1	6
70	14	17	1015	1085	1	6
70	14	17	1020	1090	1	6
70	14	17	1025	1095	1	6
70	14	17	1030	1100	1	6
70	14	17	1035	1105	1	6
70	14	17	1040	1110	1	6
70	14	17	1045	1115	1	6
70	14	17	1050	1120	1	6
70	14	17	1055	1125	1	6
70	14	17	1060	1130	1	6
70	14	17	1065	1135	1	6
70	14	17	1070	1140	1	6
71	14	3	955	1030	1	10
71	14	3	960	1035	1	10
71	14	3	965	1040	1	10
71	14	3	970	1045	1	10
71	14	3	975	1050	1	10
71	14	3	980	1055	1	10
71	14	3	985	1060	1	10
71	14	3	990	1065	1	10
71	14	3	995	1070	1	10
71	14	3	1000	1075	1	10
71	14	3	1005	1080	1	10
71	14	3	1010	1085	1	10
71	14	3	1015	1090	1	10
71	14	3	1020	1095	1	10
71	14	3	1025	1100	1	10
71	14	3	1030	1105	1	10
71	14	3	1035	1110	1	10
71	14	3	1040	1115	1	10
71	14	3	1045	1120	1	10
71	14	3	1050	1125	1	10
71	14	3	1055	1130	1	10
71	14	3	1060	1135	1	10
71	14	3	1065	1140	1	10
71	14	3	1070	1145	1	10
71	14	3	1075	1150	1	10
72	14	11	995	1070	1	11
72	14	11	1000	1075	1	11
72	14	11	1005	1080	1	11
72	14	11	1010	1085	1	11
72	14	11	1015	1090	1	11
72	14	11	1020	1095	1	11
72	14	11	1025	1100	1	11
72	14	11	1030	1105	1	11
72	14	11	1035	1110	1	11
72	14	11	1040	1115	1	11
72	14	11	1045	1120	1	11
72	14	11	1050	1125	1	11
72	14	11	1055	1130	1	11
72	14	11	1060	1135	1	11
72	14	11	1065	1140	1	11
72	14	11	1070	1145	1	11
72	14	11	1075	1150	1	11
72	14	11	1080	1155	1	11
72	14	11	1085	1160	1	11
72	14	11	1090	1165	1	11
72	14	11	1095	1170	1	11
72	14	11	1100	1175	1	11
72	14	11	1105	1180	1	11
72	14	11	1110	1185	1	11
72	14	11	1115	1190	1	11
73	17	14	1000	1080	1	8
73	17	14	1005	1085	1	8
73	17	14	1010	1090	1	8
73	17	14	1015	1095	1	8
73	17	14	1020	1100	1	8
73	17	14	1025	1105	1	8
73	17	14	1030	1110	1	8
73	17	14	1035	1115	1	8
73	17	14	1040	1120	1	8
73	17	14	1045	1125	1	8
73	17	14	1050	1130	1	8
73	17	14	1055	1135	1	8
73	17	14	1060	1140	1	8
73	17	14	1065	1145	1	8
73	17	14	1070	1150	1	8
73	17	14	1075	1155	1	8
73	17	14	1080	1160	1	8
73	17	14	1085	1165	1	8
73	17	14	1090	1170	1	8
73	17	14	1095	1175	1	8
73	17	14	1100	1180	1	8
73	17	14	1105	1185	1	8
73	17	14	1110	1190	1	8
73	17	14	1115	1195	1	8
73	17	14	1120	1200	1	8
74	14	17	1010	1080	1	9
74	14	17	1015	1085	1	9
74	14	17	1020	1090	1	9
74	14	17	1025	1095	1	9
74	14	17	1030	1100	1	9
74	14	17	1035	1105	1	9
74	14	17	1040	1110	1	9
74	14	17	1045	1115	1	9
74	14	17	1050	1120	1	9
74	14	17	1055	1125	1	9
74	14	17	1060	1130	1	9
74	14	17	1065	1135	1	9
74	14	17	1070	1140	1	9
74	14	17	1075	1145	1	9
74	14	17	1080	1150	1	9
74	14	17	1085	1155	1	9
74	14	17	1090	1160	1	9
74	14	17	1095	1165	1	9
74	14	17	1100	1170	1	9
74	14	17	1105	1175	1	9
74	14	17	1110	1180	1	9
74	14	17	1115	1185	1	9
74	14	17	1120	1190	1	9
74	14	17	1125	1195	1	9
74	14	17	1130	1200	1	9
75	17	14	1060	1140	1	6
75	17	14	1065	1145	1	6
75	17	14	1070	1150	1	6
75	17	14	1075	1155	1	6
75	17	14	1080	1160	1	6
75	17	14	1085	1165	1	6
75	17	14	1090	1170	1	6
75	17	14	1095	1175	1	6
75	17	14	1100	1180	1	6
75	17	14	1105	1185	1	6
75	17	14	1110	1190	1	6
75	17	14	1115	1195	1	6
75	17	14	1120	1200	1	6
75	17	14	1125	1205	1	6
75	17	14	1130	1210	1	6
75	17	14	1135	1215	1	6
75	17	14	1140	1220	1	6
75	17	14	1145	1225	1	6
75	17	14	1150	1230	1	6
75	17	14	1155	1235	1	6
75	17	14	1160	1240	1	6
75	17	14	1165	1245	1	6
75	17	14	1170	1250	1	6
75	17	14	1175	1255	1	6
75	17	14	1180	1260	1	6
76	14	17	1070	1140	1	7
76	14	17	1075	1145	1	7
76	14	17	1080	1150	1	7
76	14	17	1085	1155	1	7
76	14	17	1090	1160	1	7
76	14	17	1095	1165	1	7
76	14	17	1100	1170	1	7
76	14	17	1105	1175	1	7
76	14	17	1110	1180	1	7
76	14	17	1115	1185	1	7
76	14	17	1120	1190	1	7
76	14	17	1125	1195	1	7
76	14	17	1130	1200	1	7
76	14	17	1135	1205	1	7
76	14	17	1140	1210	1	7
76	14	17	1145	1215	1	7
76	14	17	1150	1220	1	7
76	14	17	1155	1225	1	7
76	14	17	1160	1230	1	7
76	14	17	1165	1235	1	7
76	14	17	1170	1240	1	7
76	14	17	1175	1245	1	7
76	14	17	1180	1250	1	7
76	14	17	1185	1255	1	7
76	14	17	1190	1260	1	7
77	3	14	1080	1160	1	10
77	3	14	1085	1165	1	10
77	3	14	1090	1170	1	10
77	3	14	1095	1175	1	10
77	3	14	1100	1180	1	10
77	3	14	1105	1185	1	10
77	3	14	1110	1190	1	10
77	3	14	1115	1195	1	10
77	3	14	1120	1200	1	10
77	3	14	1125	1205	1	10
77	3	14	1130	1210	1	10
77	3	14	1135	1215	1	10
77	3	14	1140	1220	1	10
77	3	14	1145	1225	1	10
77	3	14	1150	1230	1	10
77	3	14	1155	1235	1	10
77	3	14	1160	1240	1	10
77	3	14	1165	1245	1	10
77	3	14	1170	1250	1	10
77	3	14	1175	1255	1	10
77	3	14	1180	1260	1	10
77	3	14	1185	1265	1	10
77	3	14	1190	1270	1	10
77	3	14	1195	1275	1	10
77	3	14	1200	1280	1	10
78	11	14	1110	1190	1	11
78	11	14	1115	1195	1	11
78	11	14	1120	1200	1	11
78	11	14	1125	1205	1	11
78	11	14	1130	1210	1	11
78	11	14	1135	1215	1	11
78	11	14	1140	1220	1	11
78	11	14	1145	1225	1	11
78	11	14	1150	1230	1	11
78	11	14	1155	1235	1	11
78	11	14	1160	1240	1	11
78	11	14	1165	1245	1	11
78	11	14	1170	1250	1	11
78	11	14	1175	1255	1	11
78	11	14	1180	1260	1	11
78	11	14	1185	1265	1	11
78	11	14	1190	1270	1	11
78	11	14	1195	1275	1	11
78	11	14	1200	1280	1	11
78	11	14	1205	1285	1	11
78	11	14	1210	1290	1	11
78	11	14	1215	1295	1	11
78	11	14	1220	1300	1	11
78	11	14	1225	1305	1	11
78	11	14	1230	1310	1	11
79	17	14	1120	1200	1	9
79	17	14	1125	1205	1	9
79	17	14	1130	1210	1	9
79	17	14	1135	1215	1	9
79	17	14	1140	1220	1	9
79	17	14	1145	1225	1	9
79	17	14	1150	1230	1	9
79	17	14	1155	1235	1	9
79	17	14	1160	1240	1	9
79	17	14	1165	1245	1	9
79	17	14	1170	1250	1	9
79	17	14	1175	1255	1	9
79	17	14	1180	1260	1	9
79	17	14	1185	1265	1	9
79	17	14	1190	1270	1	9
79	17	14	1195	1275	1	9
79	17	14	1200	1280	1	9
79	17	14	1205	1285	1	9
79	17	14	1210	1290	1	9
79	17	14	1215	1295	1	9
79	17	14	1220	1300	1	9
79	17	14	1225	1305	1	9
79	17	14	1230	1310	1	9
79	17	14	1235	1315	1	9
79	17	14	1240	1320	1	9
80	14	17	1130	1200	1	8
80	14	17	1135	1205	1	8
80	14	17	1140	1210	1	8
80	14	17	1145	1215	1	8
80	14	17	1150	1220	1	8
80	14	17	1155	1225	1	8
80	14	17	1160	1230	1	8
80	14	17	1165	1235	1	8
80	14	17	1170	1240	1	8
80	14	17	1175	1245	1	8
80	14	17	1180	1250	1	8
80	14	17	1185	1255	1	8
80	14	17	1190	1260	1	8
80	14	17	1195	1265	1	8
80	14	17	1200	1270	1	8
80	14	17	1205	1275	1	8
80	14	17	1210	1280	1	8
80	14	17	1215	1285	1	8
80	14	17	1220	1290	1	8
80	14	17	1225	1295	1	8
80	14	17	1230	1300	1	8
80	14	17	1235	1305	1	8
80	14	17	1240	1310	1	8
80	14	17	1245	1315	1	8
80	14	17	1250	1320	1	8
81	14	17	1190	1260	1	6
81	14	17	1195	1265	1	6
81	14	17	1200	1270	1	6
81	14	17	1205	1275	1	6
81	14	17	1210	1280	1	6
81	14	17	1215	1285	1	6
81	14	17	1220	1290	1	6
81	14	17	1225	1295	1	6
81	14	17	1230	1300	1	6
81	14	17	1235	1305	1	6
81	14	17	1240	1310	1	6
81	14	17	1245	1315	1	6
81	14	17	1250	1320	1	6
81	14	17	1255	1325	1	6
81	14	17	1260	1330	1	6
81	14	17	1265	1335	1	6
81	14	17	1270	1340	1	6
81	14	17	1275	1345	1	6
81	14	17	1280	1350	1	6
81	14	17	1285	1355	1	6
81	14	17	1290	1360	1	6
81	14	17	1295	1365	1	6
81	14	17	1300	1370	1	6
81	14	17	1305	1375	1	6
81	14	17	1310	1380	1	6
82	14	3	1205	1280	1	10
82	14	3	1210	1285	1	10
82	14	3	1215	1290	1	10
82	14	3	1220	1295	1	10
82	14	3	1225	1300	1	10
82	14	3	1230	1305	1	10
82	14	3	1235	1310	1	10
82	14	3	1240	1315	1	10
82	14	3	1245	1320	1	10
82	14	3	1250	1325	1	10
82	14	3	1255	1330	1	10
82	14	3	1260	1335	1	10
82	14	3	1265	1340	1	10
82	14	3	1270	1345	1	10
82	14	3	1275	1350	1	10
82	14	3	1280	1355	1	10
82	14	3	1285	1360	1	10
82	14	3	1290	1365	1	10
82	14	3	1295	1370	1	10
82	14	3	1300	1375	1	10
82	14	3	1305	1380	1	10
82	14	3	1310	1385	1	10
82	14	3	1315	1390	1	10
82	14	3	1320	1395	1	10
82	14	3	1325	1400	1	10
83	5	14	330	400	2	14
83	5	14	335	405	2	14
83	5	14	340	410	2	14
83	5	14	345	415	2	14
83	5	14	350	420	2	14
83	5	14	355	425	2	14
83	5	14	360	430	2	14
83	5	14	365	435	2	14
83	5	14	370	440	2	14
83	5	14	375	445	2	14
83	5	14	380	450	2	14
83	5	14	385	455	2	14
83	5	14	390	460	2	14
83	5	14	395	465	2	14
83	5	14	400	470	2	14
83	5	14	405	475	2	14
83	5	14	410	480	2	14
83	5	14	415	485	2	14
83	5	14	420	490	2	14
83	5	14	425	495	2	14
83	5	14	430	500	2	14
83	5	14	435	505	2	14
83	5	14	440	510	2	14
83	5	14	445	515	2	14
83	5	14	450	520	2	14
84	17	5	445	530	2	15
84	17	5	450	535	2	15
84	17	5	455	540	2	15
84	17	5	460	545	2	15
84	17	5	465	550	2	15
84	17	5	470	555	2	15
84	17	5	475	560	2	15
84	17	5	480	565	2	15
84	17	5	485	570	2	15
84	17	5	490	575	2	15
84	17	5	495	580	2	15
84	17	5	500	585	2	15
84	17	5	505	590	2	15
84	17	5	510	595	2	15
84	17	5	515	600	2	15
84	17	5	520	605	2	15
84	17	5	525	610	2	15
84	17	5	530	615	2	15
84	17	5	535	620	2	15
84	17	5	540	625	2	15
84	17	5	545	630	2	15
84	17	5	550	635	2	15
84	17	5	555	640	2	15
84	17	5	560	645	2	15
84	17	5	565	650	2	15
85	11	14	450	530	2	16
85	11	14	455	535	2	16
85	11	14	460	540	2	16
85	11	14	465	545	2	16
85	11	14	470	550	2	16
85	11	14	475	555	2	16
85	11	14	480	560	2	16
85	11	14	485	565	2	16
85	11	14	490	570	2	16
85	11	14	495	575	2	16
85	11	14	500	580	2	16
85	11	14	505	585	2	16
85	11	14	510	590	2	16
85	11	14	515	595	2	16
85	11	14	520	600	2	16
85	11	14	525	605	2	16
85	11	14	530	610	2	16
85	11	14	535	615	2	16
85	11	14	540	620	2	16
85	11	14	545	625	2	16
85	11	14	550	630	2	16
85	11	14	555	635	2	16
85	11	14	560	640	2	16
85	11	14	565	645	2	16
85	11	14	570	650	2	16
86	13	14	480	550	2	17
86	13	14	485	555	2	17
86	13	14	490	560	2	17
86	13	14	495	565	2	17
86	13	14	500	570	2	17
86	13	14	505	575	2	17
86	13	14	510	580	2	17
86	13	14	515	585	2	17
86	13	14	520	590	2	17
86	13	14	525	595	2	17
86	13	14	530	600	2	17
86	13	14	535	605	2	17
86	13	14	540	610	2	17
86	13	14	545	615	2	17
86	13	14	550	620	2	17
86	13	14	555	625	2	17
86	13	14	560	630	2	17
86	13	14	565	635	2	17
86	13	14	570	640	2	17
86	13	14	575	645	2	17
86	13	14	580	650	2	17
86	13	14	585	655	2	17
86	13	14	590	660	2	17
86	13	14	595	665	2	17
86	13	14	600	670	2	17
87	16	14	490	550	2	12
87	16	14	495	555	2	12
87	16	14	500	560	2	12
87	16	14	505	565	2	12
87	16	14	510	570	2	12
87	16	14	515	575	2	12
87	16	14	520	580	2	12
87	16	14	525	585	2	12
87	16	14	530	590	2	12
87	16	14	535	595	2	12
87	16	14	540	600	2	12
87	16	14	545	605	2	12
87	16	14	550	610	2	12
87	16	14	555	615	2	12
87	16	14	560	620	2	12
87	16	14	565	625	2	12
87	16	14	570	630	2	12
87	16	14	575	635	2	12
87	16	14	580	640	2	12
87	16	14	585	645	2	12
87	16	14	590	650	2	12
87	16	14	595	655	2	12
87	16	14	600	660	2	12
87	16	14	605	665	2	12
87	16	14	610	670	2	12
88	14	7	490	585	2	13
88	14	7	495	590	2	13
88	14	7	500	595	2	13
88	14	7	505	600	2	13
88	14	7	510	605	2	13
88	14	7	515	610	2	13
88	14	7	520	615	2	13
88	14	7	525	620	2	13
88	14	7	530	625	2	13
88	14	7	535	630	2	13
88	14	7	540	635	2	13
88	14	7	545	640	2	13
88	14	7	550	645	2	13
88	14	7	555	650	2	13
88	14	7	560	655	2	13
88	14	7	565	660	2	13
88	14	7	570	665	2	13
88	14	7	575	670	2	13
88	14	7	580	675	2	13
88	14	7	585	680	2	13
88	14	7	590	685	2	13
88	14	7	595	690	2	13
88	14	7	600	695	2	13
88	14	7	605	700	2	13
88	14	7	610	705	2	13
89	14	9	495	555	2	14
89	14	9	500	560	2	14
89	14	9	505	565	2	14
89	14	9	510	570	2	14
89	14	9	515	575	2	14
89	14	9	520	580	2	14
89	14	9	525	585	2	14
89	14	9	530	590	2	14
89	14	9	535	595	2	14
89	14	9	540	600	2	14
89	14	9	545	605	2	14
89	14	9	550	610	2	14
89	14	9	555	615	2	14
89	14	9	560	620	2	14
89	14	9	565	625	2	14
89	14	9	570	630	2	14
89	14	9	575	635	2	14
89	14	9	580	640	2	14
89	14	9	585	645	2	14
89	14	9	590	650	2	14
89	14	9	595	655	2	14
89	14	9	600	660	2	14
89	14	9	605	665	2	14
89	14	9	610	670	2	14
89	14	9	615	675	2	14
90	14	11	575	650	2	16
90	14	11	580	655	2	16
90	14	11	585	660	2	16
90	14	11	590	665	2	16
90	14	11	595	670	2	16
90	14	11	600	675	2	16
90	14	11	605	680	2	16
90	14	11	610	685	2	16
90	14	11	615	690	2	16
90	14	11	620	695	2	16
90	14	11	625	700	2	16
90	14	11	630	705	2	16
90	14	11	635	710	2	16
90	14	11	640	715	2	16
90	14	11	645	720	2	16
90	14	11	650	725	2	16
90	14	11	655	730	2	16
90	14	11	660	735	2	16
90	14	11	665	740	2	16
90	14	11	670	745	2	16
90	14	11	675	750	2	16
90	14	11	680	755	2	16
90	14	11	685	760	2	16
90	14	11	690	765	2	16
90	14	11	695	770	2	16
91	5	4	595	675	2	15
91	5	4	600	680	2	15
91	5	4	605	685	2	15
91	5	4	610	690	2	15
91	5	4	615	695	2	15
91	5	4	620	700	2	15
91	5	4	625	705	2	15
91	5	4	630	710	2	15
91	5	4	635	715	2	15
91	5	4	640	720	2	15
91	5	4	645	725	2	15
91	5	4	650	730	2	15
91	5	4	655	735	2	15
91	5	4	660	740	2	15
91	5	4	665	745	2	15
91	5	4	670	750	2	15
91	5	4	675	755	2	15
91	5	4	680	760	2	15
91	5	4	685	765	2	15
91	5	4	690	770	2	15
91	5	4	695	775	2	15
91	5	4	700	780	2	15
91	5	4	705	785	2	15
91	5	4	710	790	2	15
91	5	4	715	795	2	15
92	9	14	605	675	2	14
92	9	14	610	680	2	14
92	9	14	615	685	2	14
92	9	14	620	690	2	14
92	9	14	625	695	2	14
92	9	14	630	700	2	14
92	9	14	635	705	2	14
92	9	14	640	710	2	14
92	9	14	645	715	2	14
92	9	14	650	720	2	14
92	9	14	655	725	2	14
92	9	14	660	730	2	14
92	9	14	665	735	2	14
92	9	14	670	740	2	14
92	9	14	675	745	2	14
92	9	14	680	750	2	14
92	9	14	685	755	2	14
92	9	14	690	760	2	14
92	9	14	695	765	2	14
92	9	14	700	770	2	14
92	9	14	705	775	2	14
92	9	14	710	780	2	14
92	9	14	715	785	2	14
92	9	14	720	790	2	14
92	9	14	725	795	2	14
93	14	4	610	675	2	17
93	14	4	615	680	2	17
93	14	4	620	685	2	17
93	14	4	625	690	2	17
93	14	4	630	695	2	17
93	14	4	635	700	2	17
93	14	4	640	705	2	17
93	14	4	645	710	2	17
93	14	4	650	715	2	17
93	14	4	655	720	2	17
93	14	4	660	725	2	17
93	14	4	665	730	2	17
93	14	4	670	735	2	17
93	14	4	675	740	2	17
93	14	4	680	745	2	17
93	14	4	685	750	2	17
93	14	4	690	755	2	17
93	14	4	695	760	2	17
93	14	4	700	765	2	17
93	14	4	705	770	2	17
93	14	4	710	775	2	17
93	14	4	715	780	2	17
93	14	4	720	785	2	17
93	14	4	725	790	2	17
93	14	4	730	795	2	17
94	14	16	625	685	2	12
94	14	16	630	690	2	12
94	14	16	635	695	2	12
94	14	16	640	700	2	12
94	14	16	645	705	2	12
94	14	16	650	710	2	12
94	14	16	655	715	2	12
94	14	16	660	720	2	12
94	14	16	665	725	2	12
94	14	16	670	730	2	12
94	14	16	675	735	2	12
94	14	16	680	740	2	12
94	14	16	685	745	2	12
94	14	16	690	750	2	12
94	14	16	695	755	2	12
94	14	16	700	760	2	12
94	14	16	705	765	2	12
94	14	16	710	770	2	12
94	14	16	715	775	2	12
94	14	16	720	780	2	12
94	14	16	725	785	2	12
94	14	16	730	790	2	12
94	14	16	735	795	2	12
94	14	16	740	800	2	12
94	14	16	745	805	2	12
95	7	14	645	735	2	13
95	7	14	650	740	2	13
95	7	14	655	745	2	13
95	7	14	660	750	2	13
95	7	14	665	755	2	13
95	7	14	670	760	2	13
95	7	14	675	765	2	13
95	7	14	680	770	2	13
95	7	14	685	775	2	13
95	7	14	690	780	2	13
95	7	14	695	785	2	13
95	7	14	700	790	2	13
95	7	14	705	795	2	13
95	7	14	710	800	2	13
95	7	14	715	805	2	13
95	7	14	720	810	2	13
95	7	14	725	815	2	13
95	7	14	730	820	2	13
95	7	14	735	825	2	13
95	7	14	740	830	2	13
95	7	14	745	835	2	13
95	7	14	750	840	2	13
95	7	14	755	845	2	13
95	7	14	760	850	2	13
95	7	14	765	855	2	13
96	11	14	690	770	2	16
96	11	14	695	775	2	16
96	11	14	700	780	2	16
96	11	14	705	785	2	16
96	11	14	710	790	2	16
96	11	14	715	795	2	16
96	11	14	720	800	2	16
96	11	14	725	805	2	16
96	11	14	730	810	2	16
96	11	14	735	815	2	16
96	11	14	740	820	2	16
96	11	14	745	825	2	16
96	11	14	750	830	2	16
96	11	14	755	835	2	16
96	11	14	760	840	2	16
96	11	14	765	845	2	16
96	11	14	770	850	2	16
96	11	14	775	855	2	16
96	11	14	780	860	2	16
96	11	14	785	865	2	16
96	11	14	790	870	2	16
96	11	14	795	875	2	16
96	11	14	800	880	2	16
96	11	14	805	885	2	16
96	11	14	810	890	2	16
97	14	9	730	790	2	14
97	14	9	735	795	2	14
97	14	9	740	800	2	14
97	14	9	745	805	2	14
97	14	9	750	810	2	14
97	14	9	755	815	2	14
97	14	9	760	820	2	14
97	14	9	765	825	2	14
97	14	9	770	830	2	14
97	14	9	775	835	2	14
97	14	9	780	840	2	14
97	14	9	785	845	2	14
97	14	9	790	850	2	14
97	14	9	795	855	2	14
97	14	9	800	860	2	14
97	14	9	805	865	2	14
97	14	9	810	870	2	14
97	14	9	815	875	2	14
97	14	9	820	880	2	14
97	14	9	825	885	2	14
97	14	9	830	890	2	14
97	14	9	835	895	2	14
97	14	9	840	900	2	14
97	14	9	845	905	2	14
97	14	9	850	910	2	14
98	4	5	755	840	2	15
98	4	5	760	845	2	15
98	4	5	765	850	2	15
98	4	5	770	855	2	15
98	4	5	775	860	2	15
98	4	5	780	865	2	15
98	4	5	785	870	2	15
98	4	5	790	875	2	15
98	4	5	795	880	2	15
98	4	5	800	885	2	15
98	4	5	805	890	2	15
98	4	5	810	895	2	15
98	4	5	815	900	2	15
98	4	5	820	905	2	15
98	4	5	825	910	2	15
98	4	5	830	915	2	15
98	4	5	835	920	2	15
98	4	5	840	925	2	15
98	4	5	845	930	2	15
98	4	5	850	935	2	15
98	4	5	855	940	2	15
98	4	5	860	945	2	15
98	4	5	865	950	2	15
98	4	5	870	955	2	15
98	4	5	875	960	2	15
99	4	8	765	835	2	17
99	4	8	770	840	2	17
99	4	8	775	845	2	17
99	4	8	780	850	2	17
99	4	8	785	855	2	17
99	4	8	790	860	2	17
99	4	8	795	865	2	17
99	4	8	800	870	2	17
99	4	8	805	875	2	17
99	4	8	810	880	2	17
99	4	8	815	885	2	17
99	4	8	820	890	2	17
99	4	8	825	895	2	17
99	4	8	830	900	2	17
99	4	8	835	905	2	17
99	4	8	840	910	2	17
99	4	8	845	915	2	17
99	4	8	850	920	2	17
99	4	8	855	925	2	17
99	4	8	860	930	2	17
99	4	8	865	935	2	17
99	4	8	870	940	2	17
99	4	8	875	945	2	17
99	4	8	880	950	2	17
99	4	8	885	955	2	17
100	14	12	780	860	2	13
100	14	12	785	865	2	13
100	14	12	790	870	2	13
100	14	12	795	875	2	13
100	14	12	800	880	2	13
100	14	12	805	885	2	13
100	14	12	810	890	2	13
100	14	12	815	895	2	13
100	14	12	820	900	2	13
100	14	12	825	905	2	13
100	14	12	830	910	2	13
100	14	12	835	915	2	13
100	14	12	840	920	2	13
100	14	12	845	925	2	13
100	14	12	850	930	2	13
100	14	12	855	935	2	13
100	14	12	860	940	2	13
100	14	12	865	945	2	13
100	14	12	870	950	2	13
100	14	12	875	955	2	13
100	14	12	880	960	2	13
100	14	12	885	965	2	13
100	14	12	890	970	2	13
100	14	12	895	975	2	13
100	14	12	900	980	2	13
101	16	14	815	875	2	12
101	16	14	820	880	2	12
101	16	14	825	885	2	12
101	16	14	830	890	2	12
101	16	14	835	895	2	12
101	16	14	840	900	2	12
101	16	14	845	905	2	12
101	16	14	850	910	2	12
101	16	14	855	915	2	12
101	16	14	860	920	2	12
101	16	14	865	925	2	12
101	16	14	870	930	2	12
101	16	14	875	935	2	12
101	16	14	880	940	2	12
101	16	14	885	945	2	12
101	16	14	890	950	2	12
101	16	14	895	955	2	12
101	16	14	900	960	2	12
101	16	14	905	965	2	12
101	16	14	910	970	2	12
101	16	14	915	975	2	12
101	16	14	920	980	2	12
101	16	14	925	985	2	12
101	16	14	930	990	2	12
101	16	14	935	995	2	12
102	14	11	815	890	2	16
102	14	11	820	895	2	16
102	14	11	825	900	2	16
102	14	11	830	905	2	16
102	14	11	835	910	2	16
102	14	11	840	915	2	16
102	14	11	845	920	2	16
102	14	11	850	925	2	16
102	14	11	855	930	2	16
102	14	11	860	935	2	16
102	14	11	865	940	2	16
102	14	11	870	945	2	16
102	14	11	875	950	2	16
102	14	11	880	955	2	16
102	14	11	885	960	2	16
102	14	11	890	965	2	16
102	14	11	895	970	2	16
102	14	11	900	975	2	16
102	14	11	905	980	2	16
102	14	11	910	985	2	16
102	14	11	915	990	2	16
102	14	11	920	995	2	16
102	14	11	925	1000	2	16
102	14	11	930	1005	2	16
102	14	11	935	1010	2	16
103	9	14	835	905	2	14
103	9	14	840	910	2	14
103	9	14	845	915	2	14
103	9	14	850	920	2	14
103	9	14	855	925	2	14
103	9	14	860	930	2	14
103	9	14	865	935	2	14
103	9	14	870	940	2	14
103	9	14	875	945	2	14
103	9	14	880	950	2	14
103	9	14	885	955	2	14
103	9	14	890	960	2	14
103	9	14	895	965	2	14
103	9	14	900	970	2	14
103	9	14	905	975	2	14
103	9	14	910	980	2	14
103	9	14	915	985	2	14
103	9	14	920	990	2	14
103	9	14	925	995	2	14
103	9	14	930	1000	2	14
103	9	14	935	1005	2	14
103	9	14	940	1010	2	14
103	9	14	945	1015	2	14
103	9	14	950	1020	2	14
103	9	14	955	1025	2	14
104	8	4	895	960	2	17
104	8	4	900	965	2	17
104	8	4	905	970	2	17
104	8	4	910	975	2	17
104	8	4	915	980	2	17
104	8	4	920	985	2	17
104	8	4	925	990	2	17
104	8	4	930	995	2	17
104	8	4	935	1000	2	17
104	8	4	940	1005	2	17
104	8	4	945	1010	2	17
104	8	4	950	1015	2	17
104	8	4	955	1020	2	17
104	8	4	960	1025	2	17
104	8	4	965	1030	2	17
104	8	4	970	1035	2	17
104	8	4	975	1040	2	17
104	8	4	980	1045	2	17
104	8	4	985	1050	2	17
104	8	4	990	1055	2	17
104	8	4	995	1060	2	17
104	8	4	1000	1065	2	17
104	8	4	1005	1070	2	17
104	8	4	1010	1075	2	17
104	8	4	1015	1080	2	17
105	12	14	905	990	2	13
105	12	14	910	995	2	13
105	12	14	915	1000	2	13
105	12	14	920	1005	2	13
105	12	14	925	1010	2	13
105	12	14	930	1015	2	13
105	12	14	935	1020	2	13
105	12	14	940	1025	2	13
105	12	14	945	1030	2	13
105	12	14	950	1035	2	13
105	12	14	955	1040	2	13
105	12	14	960	1045	2	13
105	12	14	965	1050	2	13
105	12	14	970	1055	2	13
105	12	14	975	1060	2	13
105	12	14	980	1065	2	13
105	12	14	985	1070	2	13
105	12	14	990	1075	2	13
105	12	14	995	1080	2	13
105	12	14	1000	1085	2	13
105	12	14	1005	1090	2	13
105	12	14	1010	1095	2	13
105	12	14	1015	1100	2	13
105	12	14	1020	1105	2	13
105	12	14	1025	1110	2	13
106	11	14	930	1010	2	16
106	11	14	935	1015	2	16
106	11	14	940	1020	2	16
106	11	14	945	1025	2	16
106	11	14	950	1030	2	16
106	11	14	955	1035	2	16
106	11	14	960	1040	2	16
106	11	14	965	1045	2	16
106	11	14	970	1050	2	16
106	11	14	975	1055	2	16
106	11	14	980	1060	2	16
106	11	14	985	1065	2	16
106	11	14	990	1070	2	16
106	11	14	995	1075	2	16
106	11	14	1000	1080	2	16
106	11	14	1005	1085	2	16
106	11	14	1010	1090	2	16
106	11	14	1015	1095	2	16
106	11	14	1020	1100	2	16
106	11	14	1025	1105	2	16
106	11	14	1030	1110	2	16
106	11	14	1035	1115	2	16
106	11	14	1040	1120	2	16
106	11	14	1045	1125	2	16
106	11	14	1050	1130	2	16
107	14	15	935	1020	2	12
107	14	15	940	1025	2	12
107	14	15	945	1030	2	12
107	14	15	950	1035	2	12
107	14	15	955	1040	2	12
107	14	15	960	1045	2	12
107	14	15	965	1050	2	12
107	14	15	970	1055	2	12
107	14	15	975	1060	2	12
107	14	15	980	1065	2	12
107	14	15	985	1070	2	12
107	14	15	990	1075	2	12
107	14	15	995	1080	2	12
107	14	15	1000	1085	2	12
107	14	15	1005	1090	2	12
107	14	15	1010	1095	2	12
107	14	15	1015	1100	2	12
107	14	15	1020	1105	2	12
107	14	15	1025	1110	2	12
107	14	15	1030	1115	2	12
107	14	15	1035	1120	2	12
107	14	15	1040	1125	2	12
107	14	15	1045	1130	2	12
107	14	15	1050	1135	2	12
107	14	15	1055	1140	2	12
108	4	8	1015	1085	2	17
108	4	8	1020	1090	2	17
108	4	8	1025	1095	2	17
108	4	8	1030	1100	2	17
108	4	8	1035	1105	2	17
108	4	8	1040	1110	2	17
108	4	8	1045	1115	2	17
108	4	8	1050	1120	2	17
108	4	8	1055	1125	2	17
108	4	8	1060	1130	2	17
108	4	8	1065	1135	2	17
108	4	8	1070	1140	2	17
108	4	8	1075	1145	2	17
108	4	8	1080	1150	2	17
108	4	8	1085	1155	2	17
108	4	8	1090	1160	2	17
108	4	8	1095	1165	2	17
108	4	8	1100	1170	2	17
108	4	8	1105	1175	2	17
108	4	8	1110	1180	2	17
108	4	8	1115	1185	2	17
108	4	8	1120	1190	2	17
108	4	8	1125	1195	2	17
108	4	8	1130	1200	2	17
108	4	8	1135	1205	2	17
109	14	12	1030	1110	2	13
109	14	12	1035	1115	2	13
109	14	12	1040	1120	2	13
109	14	12	1045	1125	2	13
109	14	12	1050	1130	2	13
109	14	12	1055	1135	2	13
109	14	12	1060	1140	2	13
109	14	12	1065	1145	2	13
109	14	12	1070	1150	2	13
109	14	12	1075	1155	2	13
109	14	12	1080	1160	2	13
109	14	12	1085	1165	2	13
109	14	12	1090	1170	2	13
109	14	12	1095	1175	2	13
109	14	12	1100	1180	2	13
109	14	12	1105	1185	2	13
109	14	12	1110	1190	2	13
109	14	12	1115	1195	2	13
109	14	12	1120	1200	2	13
109	14	12	1125	1205	2	13
109	14	12	1130	1210	2	13
109	14	12	1135	1215	2	13
109	14	12	1140	1220	2	13
109	14	12	1145	1225	2	13
109	14	12	1150	1230	2	13
110	14	11	1055	1130	2	16
110	14	11	1060	1135	2	16
110	14	11	1065	1140	2	16
110	14	11	1070	1145	2	16
110	14	11	1075	1150	2	16
110	14	11	1080	1155	2	16
110	14	11	1085	1160	2	16
110	14	11	1090	1165	2	16
110	14	11	1095	1170	2	16
110	14	11	1100	1175	2	16
110	14	11	1105	1180	2	16
110	14	11	1110	1185	2	16
110	14	11	1115	1190	2	16
110	14	11	1120	1195	2	16
110	14	11	1125	1200	2	16
110	14	11	1130	1205	2	16
110	14	11	1135	1210	2	16
110	14	11	1140	1215	2	16
110	14	11	1145	1220	2	16
110	14	11	1150	1225	2	16
110	14	11	1155	1230	2	16
110	14	11	1160	1235	2	16
110	14	11	1165	1240	2	16
110	14	11	1170	1245	2	16
110	14	11	1175	1250	2	16
111	5	10	1065	1150	2	15
111	5	10	1070	1155	2	15
111	5	10	1075	1160	2	15
111	5	10	1080	1165	2	15
111	5	10	1085	1170	2	15
111	5	10	1090	1175	2	15
111	5	10	1095	1180	2	15
111	5	10	1100	1185	2	15
111	5	10	1105	1190	2	15
111	5	10	1110	1195	2	15
111	5	10	1115	1200	2	15
111	5	10	1120	1205	2	15
111	5	10	1125	1210	2	15
111	5	10	1130	1215	2	15
111	5	10	1135	1220	2	15
111	5	10	1140	1225	2	15
111	5	10	1145	1230	2	15
111	5	10	1150	1235	2	15
111	5	10	1155	1240	2	15
111	5	10	1160	1245	2	15
111	5	10	1165	1250	2	15
111	5	10	1170	1255	2	15
111	5	10	1175	1260	2	15
111	5	10	1180	1265	2	15
111	5	10	1185	1270	2	15
112	15	14	1070	1155	2	12
112	15	14	1075	1160	2	12
112	15	14	1080	1165	2	12
112	15	14	1085	1170	2	12
112	15	14	1090	1175	2	12
112	15	14	1095	1180	2	12
112	15	14	1100	1185	2	12
112	15	14	1105	1190	2	12
112	15	14	1110	1195	2	12
112	15	14	1115	1200	2	12
112	15	14	1120	1205	2	12
112	15	14	1125	1210	2	12
112	15	14	1130	1215	2	12
112	15	14	1135	1220	2	12
112	15	14	1140	1225	2	12
112	15	14	1145	1230	2	12
112	15	14	1150	1235	2	12
112	15	14	1155	1240	2	12
112	15	14	1160	1245	2	12
112	15	14	1165	1250	2	12
112	15	14	1170	1255	2	12
112	15	14	1175	1260	2	12
112	15	14	1180	1265	2	12
112	15	14	1185	1270	2	12
112	15	14	1190	1275	2	12
113	14	9	1125	1185	2	14
113	14	9	1130	1190	2	14
113	14	9	1135	1195	2	14
113	14	9	1140	1200	2	14
113	14	9	1145	1205	2	14
113	14	9	1150	1210	2	14
113	14	9	1155	1215	2	14
113	14	9	1160	1220	2	14
113	14	9	1165	1225	2	14
113	14	9	1170	1230	2	14
113	14	9	1175	1235	2	14
113	14	9	1180	1240	2	14
113	14	9	1185	1245	2	14
113	14	9	1190	1250	2	14
113	14	9	1195	1255	2	14
113	14	9	1200	1260	2	14
113	14	9	1205	1265	2	14
113	14	9	1210	1270	2	14
113	14	9	1215	1275	2	14
113	14	9	1220	1280	2	14
113	14	9	1225	1285	2	14
113	14	9	1230	1290	2	14
113	14	9	1235	1295	2	14
113	14	9	1240	1300	2	14
113	14	9	1245	1305	2	14
114	8	4	1140	1205	2	17
114	8	4	1145	1210	2	17
114	8	4	1150	1215	2	17
114	8	4	1155	1220	2	17
114	8	4	1160	1225	2	17
114	8	4	1165	1230	2	17
114	8	4	1170	1235	2	17
114	8	4	1175	1240	2	17
114	8	4	1180	1245	2	17
114	8	4	1185	1250	2	17
114	8	4	1190	1255	2	17
114	8	4	1195	1260	2	17
114	8	4	1200	1265	2	17
114	8	4	1205	1270	2	17
114	8	4	1210	1275	2	17
114	8	4	1215	1280	2	17
114	8	4	1220	1285	2	17
114	8	4	1225	1290	2	17
114	8	4	1230	1295	2	17
114	8	4	1235	1300	2	17
114	8	4	1240	1305	2	17
114	8	4	1245	1310	2	17
114	8	4	1250	1315	2	17
114	8	4	1255	1320	2	17
114	8	4	1260	1325	2	17
115	12	6	1165	1225	2	13
115	12	6	1170	1230	2	13
115	12	6	1175	1235	2	13
115	12	6	1180	1240	2	13
115	12	6	1185	1245	2	13
115	12	6	1190	1250	2	13
115	12	6	1195	1255	2	13
115	12	6	1200	1260	2	13
115	12	6	1205	1265	2	13
115	12	6	1210	1270	2	13
115	12	6	1215	1275	2	13
115	12	6	1220	1280	2	13
115	12	6	1225	1285	2	13
115	12	6	1230	1290	2	13
115	12	6	1235	1295	2	13
115	12	6	1240	1300	2	13
115	12	6	1245	1305	2	13
115	12	6	1250	1310	2	13
115	12	6	1255	1315	2	13
115	12	6	1260	1320	2	13
115	12	6	1265	1325	2	13
115	12	6	1270	1330	2	13
115	12	6	1275	1335	2	13
115	12	6	1280	1340	2	13
115	12	6	1285	1345	2	13
116	14	16	1200	1260	2	12
116	14	16	1205	1265	2	12
116	14	16	1210	1270	2	12
116	14	16	1215	1275	2	12
116	14	16	1220	1280	2	12
116	14	16	1225	1285	2	12
116	14	16	1230	1290	2	12
116	14	16	1235	1295	2	12
116	14	16	1240	1300	2	12
116	14	16	1245	1305	2	12
116	14	16	1250	1310	2	12
116	14	16	1255	1315	2	12
116	14	16	1260	1320	2	12
116	14	16	1265	1325	2	12
116	14	16	1270	1330	2	12
116	14	16	1275	1335	2	12
116	14	16	1280	1340	2	12
116	14	16	1285	1345	2	12
116	14	16	1290	1350	2	12
116	14	16	1295	1355	2	12
116	14	16	1300	1360	2	12
116	14	16	1305	1365	2	12
116	14	16	1310	1370	2	12
116	14	16	1315	1375	2	12
116	14	16	1320	1380	2	12
117	10	5	1200	1290	2	15
117	10	5	1205	1295	2	15
117	10	5	1210	1300	2	15
117	10	5	1215	1305	2	15
117	10	5	1220	1310	2	15
117	10	5	1225	1315	2	15
117	10	5	1230	1320	2	15
117	10	5	1235	1325	2	15
117	10	5	1240	1330	2	15
117	10	5	1245	1335	2	15
117	10	5	1250	1340	2	15
117	10	5	1255	1345	2	15
117	10	5	1260	1350	2	15
117	10	5	1265	1355	2	15
117	10	5	1270	1360	2	15
117	10	5	1275	1365	2	15
117	10	5	1280	1370	2	15
117	10	5	1285	1375	2	15
117	10	5	1290	1380	2	15
117	10	5	1295	1385	2	15
117	10	5	1300	1390	2	15
117	10	5	1305	1395	2	15
117	10	5	1310	1400	2	15
117	10	5	1315	1405	2	15
117	10	5	1320	1410	2	15
118	11	14	330	410	3	22
118	11	14	335	415	3	22
118	11	14	340	420	3	22
118	11	14	345	425	3	22
118	11	14	350	430	3	22
118	11	14	355	435	3	22
118	11	14	360	440	3	22
118	11	14	365	445	3	22
118	11	14	370	450	3	22
118	11	14	375	455	3	22
118	11	14	380	460	3	22
118	11	14	385	465	3	22
118	11	14	390	470	3	22
118	11	14	395	475	3	22
118	11	14	400	480	3	22
118	11	14	405	485	3	22
118	11	14	410	490	3	22
118	11	14	415	495	3	22
118	11	14	420	500	3	22
118	11	14	425	505	3	22
118	11	14	430	510	3	22
118	11	14	435	515	3	22
118	11	14	440	520	3	22
118	11	14	445	525	3	22
118	11	14	450	530	3	22
119	16	5	340	435	3	21
119	16	5	345	440	3	21
119	16	5	350	445	3	21
119	16	5	355	450	3	21
119	16	5	360	455	3	21
119	16	5	365	460	3	21
119	16	5	370	465	3	21
119	16	5	375	470	3	21
119	16	5	380	475	3	21
119	16	5	385	480	3	21
119	16	5	390	485	3	21
119	16	5	395	490	3	21
119	16	5	400	495	3	21
119	16	5	405	500	3	21
119	16	5	410	505	3	21
119	16	5	415	510	3	21
119	16	5	420	515	3	21
119	16	5	425	520	3	21
119	16	5	430	525	3	21
119	16	5	435	530	3	21
119	16	5	440	535	3	21
119	16	5	445	540	3	21
119	16	5	450	545	3	21
119	16	5	455	550	3	21
119	16	5	460	555	3	21
120	13	8	345	420	3	19
120	13	8	350	425	3	19
120	13	8	355	430	3	19
120	13	8	360	435	3	19
120	13	8	365	440	3	19
120	13	8	370	445	3	19
120	13	8	375	450	3	19
120	13	8	380	455	3	19
120	13	8	385	460	3	19
120	13	8	390	465	3	19
120	13	8	395	470	3	19
120	13	8	400	475	3	19
120	13	8	405	480	3	19
120	13	8	410	485	3	19
120	13	8	415	490	3	19
120	13	8	420	495	3	19
120	13	8	425	500	3	19
120	13	8	430	505	3	19
120	13	8	435	510	3	19
120	13	8	440	515	3	19
120	13	8	445	520	3	19
120	13	8	450	525	3	19
120	13	8	455	530	3	19
120	13	8	460	535	3	19
120	13	8	465	540	3	19
121	17	14	370	450	3	18
121	17	14	375	455	3	18
121	17	14	380	460	3	18
121	17	14	385	465	3	18
121	17	14	390	470	3	18
121	17	14	395	475	3	18
121	17	14	400	480	3	18
121	17	14	405	485	3	18
121	17	14	410	490	3	18
121	17	14	415	495	3	18
121	17	14	420	500	3	18
121	17	14	425	505	3	18
121	17	14	430	510	3	18
121	17	14	435	515	3	18
121	17	14	440	520	3	18
121	17	14	445	525	3	18
121	17	14	450	530	3	18
121	17	14	455	535	3	18
121	17	14	460	540	3	18
121	17	14	465	545	3	18
121	17	14	470	550	3	18
121	17	14	475	555	3	18
121	17	14	480	560	3	18
121	17	14	485	565	3	18
121	17	14	490	570	3	18
122	17	5	385	480	3	23
122	17	5	390	485	3	23
122	17	5	395	490	3	23
122	17	5	400	495	3	23
122	17	5	405	500	3	23
122	17	5	410	505	3	23
122	17	5	415	510	3	23
122	17	5	420	515	3	23
122	17	5	425	520	3	23
122	17	5	430	525	3	23
122	17	5	435	530	3	23
122	17	5	440	535	3	23
122	17	5	445	540	3	23
122	17	5	450	545	3	23
122	17	5	455	550	3	23
122	17	5	460	555	3	23
122	17	5	465	560	3	23
122	17	5	470	565	3	23
122	17	5	475	570	3	23
122	17	5	480	575	3	23
122	17	5	485	580	3	23
122	17	5	490	585	3	23
122	17	5	495	590	3	23
122	17	5	500	595	3	23
122	17	5	505	600	3	23
123	11	5	395	485	3	20
123	11	5	400	490	3	20
123	11	5	405	495	3	20
123	11	5	410	500	3	20
123	11	5	415	505	3	20
123	11	5	420	510	3	20
123	11	5	425	515	3	20
123	11	5	430	520	3	20
123	11	5	435	525	3	20
123	11	5	440	530	3	20
123	11	5	445	535	3	20
123	11	5	450	540	3	20
123	11	5	455	545	3	20
123	11	5	460	550	3	20
123	11	5	465	555	3	20
123	11	5	470	560	3	20
123	11	5	475	565	3	20
123	11	5	480	570	3	20
123	11	5	485	575	3	20
123	11	5	490	580	3	20
123	11	5	495	585	3	20
123	11	5	500	590	3	20
123	11	5	505	595	3	20
123	11	5	510	600	3	20
123	11	5	515	605	3	20
124	14	11	455	530	3	22
124	14	11	460	535	3	22
124	14	11	465	540	3	22
124	14	11	470	545	3	22
124	14	11	475	550	3	22
124	14	11	480	555	3	22
124	14	11	485	560	3	22
124	14	11	490	565	3	22
124	14	11	495	570	3	22
124	14	11	500	575	3	22
124	14	11	505	580	3	22
124	14	11	510	585	3	22
124	14	11	515	590	3	22
124	14	11	520	595	3	22
124	14	11	525	600	3	22
124	14	11	530	605	3	22
124	14	11	535	610	3	22
124	14	11	540	615	3	22
124	14	11	545	620	3	22
124	14	11	550	625	3	22
124	14	11	555	630	3	22
124	14	11	560	635	3	22
124	14	11	565	640	3	22
124	14	11	570	645	3	22
124	14	11	575	650	3	22
125	8	13	475	550	3	19
125	8	13	480	555	3	19
125	8	13	485	560	3	19
125	8	13	490	565	3	19
125	8	13	495	570	3	19
125	8	13	500	575	3	19
125	8	13	505	580	3	19
125	8	13	510	585	3	19
125	8	13	515	590	3	19
125	8	13	520	595	3	19
125	8	13	525	600	3	19
125	8	13	530	605	3	19
125	8	13	535	610	3	19
125	8	13	540	615	3	19
125	8	13	545	620	3	19
125	8	13	550	625	3	19
125	8	13	555	630	3	19
125	8	13	560	635	3	19
125	8	13	565	640	3	19
125	8	13	570	645	3	19
125	8	13	575	650	3	19
125	8	13	580	655	3	19
125	8	13	585	660	3	19
125	8	13	590	665	3	19
125	8	13	595	670	3	19
126	5	10	490	575	3	21
126	5	10	495	580	3	21
126	5	10	500	585	3	21
126	5	10	505	590	3	21
126	5	10	510	595	3	21
126	5	10	515	600	3	21
126	5	10	520	605	3	21
126	5	10	525	610	3	21
126	5	10	530	615	3	21
126	5	10	535	620	3	21
126	5	10	540	625	3	21
126	5	10	545	630	3	21
126	5	10	550	635	3	21
126	5	10	555	640	3	21
126	5	10	560	645	3	21
126	5	10	565	650	3	21
126	5	10	570	655	3	21
126	5	10	575	660	3	21
126	5	10	580	665	3	21
126	5	10	585	670	3	21
126	5	10	590	675	3	21
126	5	10	595	680	3	21
126	5	10	600	685	3	21
126	5	10	605	690	3	21
126	5	10	610	695	3	21
127	14	8	570	635	3	18
127	14	8	575	640	3	18
127	14	8	580	645	3	18
127	14	8	585	650	3	18
127	14	8	590	655	3	18
127	14	8	595	660	3	18
127	14	8	600	665	3	18
127	14	8	605	670	3	18
127	14	8	610	675	3	18
127	14	8	615	680	3	18
127	14	8	620	685	3	18
127	14	8	625	690	3	18
127	14	8	630	695	3	18
127	14	8	635	700	3	18
127	14	8	640	705	3	18
127	14	8	645	710	3	18
127	14	8	650	715	3	18
127	14	8	655	720	3	18
127	14	8	660	725	3	18
127	14	8	665	730	3	18
127	14	8	670	735	3	18
127	14	8	675	740	3	18
127	14	8	680	745	3	18
127	14	8	685	750	3	18
127	14	8	690	755	3	18
128	5	11	570	655	3	20
128	5	11	575	660	3	20
128	5	11	580	665	3	20
128	5	11	585	670	3	20
128	5	11	590	675	3	20
128	5	11	595	680	3	20
128	5	11	600	685	3	20
128	5	11	605	690	3	20
128	5	11	610	695	3	20
128	5	11	615	700	3	20
128	5	11	620	705	3	20
128	5	11	625	710	3	20
128	5	11	630	715	3	20
128	5	11	635	720	3	20
128	5	11	640	725	3	20
128	5	11	645	730	3	20
128	5	11	650	735	3	20
128	5	11	655	740	3	20
128	5	11	660	745	3	20
128	5	11	665	750	3	20
128	5	11	670	755	3	20
128	5	11	675	760	3	20
128	5	11	680	765	3	20
128	5	11	685	770	3	20
128	5	11	690	775	3	20
129	5	12	575	670	3	23
129	5	12	580	675	3	23
129	5	12	585	680	3	23
129	5	12	590	685	3	23
129	5	12	595	690	3	23
129	5	12	600	695	3	23
129	5	12	605	700	3	23
129	5	12	610	705	3	23
129	5	12	615	710	3	23
129	5	12	620	715	3	23
129	5	12	625	720	3	23
129	5	12	630	725	3	23
129	5	12	635	730	3	23
129	5	12	640	735	3	23
129	5	12	645	740	3	23
129	5	12	650	745	3	23
129	5	12	655	750	3	23
129	5	12	660	755	3	23
129	5	12	665	760	3	23
129	5	12	670	765	3	23
129	5	12	675	770	3	23
129	5	12	680	775	3	23
129	5	12	685	780	3	23
129	5	12	690	785	3	23
129	5	12	695	790	3	23
130	13	8	610	685	3	19
130	13	8	615	690	3	19
130	13	8	620	695	3	19
130	13	8	625	700	3	19
130	13	8	630	705	3	19
130	13	8	635	710	3	19
130	13	8	640	715	3	19
130	13	8	645	720	3	19
130	13	8	650	725	3	19
130	13	8	655	730	3	19
130	13	8	660	735	3	19
130	13	8	665	740	3	19
130	13	8	670	745	3	19
130	13	8	675	750	3	19
130	13	8	680	755	3	19
130	13	8	685	760	3	19
130	13	8	690	765	3	19
130	13	8	695	770	3	19
130	13	8	700	775	3	19
130	13	8	705	780	3	19
130	13	8	710	785	3	19
130	13	8	715	790	3	19
130	13	8	720	795	3	19
130	13	8	725	800	3	19
130	13	8	730	805	3	19
131	10	5	630	720	3	21
131	10	5	635	725	3	21
131	10	5	640	730	3	21
131	10	5	645	735	3	21
131	10	5	650	740	3	21
131	10	5	655	745	3	21
131	10	5	660	750	3	21
131	10	5	665	755	3	21
131	10	5	670	760	3	21
131	10	5	675	765	3	21
131	10	5	680	770	3	21
131	10	5	685	775	3	21
131	10	5	690	780	3	21
131	10	5	695	785	3	21
131	10	5	700	790	3	21
131	10	5	705	795	3	21
131	10	5	710	800	3	21
131	10	5	715	805	3	21
131	10	5	720	810	3	21
131	10	5	725	815	3	21
131	10	5	730	820	3	21
131	10	5	735	825	3	21
131	10	5	740	830	3	21
131	10	5	745	835	3	21
131	10	5	750	840	3	21
132	8	14	680	745	3	18
132	8	14	685	750	3	18
132	8	14	690	755	3	18
132	8	14	695	760	3	18
132	8	14	700	765	3	18
132	8	14	705	770	3	18
132	8	14	710	775	3	18
132	8	14	715	780	3	18
132	8	14	720	785	3	18
132	8	14	725	790	3	18
132	8	14	730	795	3	18
132	8	14	735	800	3	18
132	8	14	740	805	3	18
132	8	14	745	810	3	18
132	8	14	750	815	3	18
132	8	14	755	820	3	18
132	8	14	760	825	3	18
132	8	14	765	830	3	18
132	8	14	770	835	3	18
132	8	14	775	840	3	18
132	8	14	780	845	3	18
132	8	14	785	850	3	18
132	8	14	790	855	3	18
132	8	14	795	860	3	18
132	8	14	800	865	3	18
133	12	5	720	815	3	23
133	12	5	725	820	3	23
133	12	5	730	825	3	23
133	12	5	735	830	3	23
133	12	5	740	835	3	23
133	12	5	745	840	3	23
133	12	5	750	845	3	23
133	12	5	755	850	3	23
133	12	5	760	855	3	23
133	12	5	765	860	3	23
133	12	5	770	865	3	23
133	12	5	775	870	3	23
133	12	5	780	875	3	23
133	12	5	785	880	3	23
133	12	5	790	885	3	23
133	12	5	795	890	3	23
133	12	5	800	895	3	23
133	12	5	805	900	3	23
133	12	5	810	905	3	23
133	12	5	815	910	3	23
133	12	5	820	915	3	23
133	12	5	825	920	3	23
133	12	5	830	925	3	23
133	12	5	835	930	3	23
133	12	5	840	935	3	23
134	11	5	725	815	3	20
134	11	5	730	820	3	20
134	11	5	735	825	3	20
134	11	5	740	830	3	20
134	11	5	745	835	3	20
134	11	5	750	840	3	20
134	11	5	755	845	3	20
134	11	5	760	850	3	20
134	11	5	765	855	3	20
134	11	5	770	860	3	20
134	11	5	775	865	3	20
134	11	5	780	870	3	20
134	11	5	785	875	3	20
134	11	5	790	880	3	20
134	11	5	795	885	3	20
134	11	5	800	890	3	20
134	11	5	805	895	3	20
134	11	5	810	900	3	20
134	11	5	815	905	3	20
134	11	5	820	910	3	20
134	11	5	825	915	3	20
134	11	5	830	920	3	20
134	11	5	835	925	3	20
134	11	5	840	930	3	20
134	11	5	845	935	3	20
135	5	12	770	805	3	21
135	5	12	775	810	3	21
135	5	12	780	815	3	21
135	5	12	785	820	3	21
135	5	12	790	825	3	21
135	5	12	795	830	3	21
135	5	12	800	835	3	21
135	5	12	805	840	3	21
135	5	12	810	845	3	21
135	5	12	815	850	3	21
135	5	12	820	855	3	21
135	5	12	825	860	3	21
135	5	12	830	865	3	21
135	5	12	835	870	3	21
135	5	12	840	875	3	21
135	5	12	845	880	3	21
135	5	12	850	885	3	21
135	5	12	855	890	3	21
135	5	12	860	895	3	21
135	5	12	865	900	3	21
135	5	12	870	905	3	21
135	5	12	875	910	3	21
135	5	12	880	915	3	21
135	5	12	885	920	3	21
135	5	12	890	925	3	21
136	14	8	820	885	3	18
136	14	8	825	890	3	18
136	14	8	830	895	3	18
136	14	8	835	900	3	18
136	14	8	840	905	3	18
136	14	8	845	910	3	18
136	14	8	850	915	3	18
136	14	8	855	920	3	18
136	14	8	860	925	3	18
136	14	8	865	930	3	18
136	14	8	870	935	3	18
136	14	8	875	940	3	18
136	14	8	880	945	3	18
136	14	8	885	950	3	18
136	14	8	890	955	3	18
136	14	8	895	960	3	18
136	14	8	900	965	3	18
136	14	8	905	970	3	18
136	14	8	910	975	3	18
136	14	8	915	980	3	18
136	14	8	920	985	3	18
136	14	8	925	990	3	18
136	14	8	930	995	3	18
136	14	8	935	1000	3	18
136	14	8	940	1005	3	18
137	11	14	840	920	3	22
137	11	14	845	925	3	22
137	11	14	850	930	3	22
137	11	14	855	935	3	22
137	11	14	860	940	3	22
137	11	14	865	945	3	22
137	11	14	870	950	3	22
137	11	14	875	955	3	22
137	11	14	880	960	3	22
137	11	14	885	965	3	22
137	11	14	890	970	3	22
137	11	14	895	975	3	22
137	11	14	900	980	3	22
137	11	14	905	985	3	22
137	11	14	910	990	3	22
137	11	14	915	995	3	22
137	11	14	920	1000	3	22
137	11	14	925	1005	3	22
137	11	14	930	1010	3	22
137	11	14	935	1015	3	22
137	11	14	940	1020	3	22
137	11	14	945	1025	3	22
137	11	14	950	1030	3	22
137	11	14	955	1035	3	22
137	11	14	960	1040	3	22
138	5	11	875	960	3	20
138	5	11	880	965	3	20
138	5	11	885	970	3	20
138	5	11	890	975	3	20
138	5	11	895	980	3	20
138	5	11	900	985	3	20
138	5	11	905	990	3	20
138	5	11	910	995	3	20
138	5	11	915	1000	3	20
138	5	11	920	1005	3	20
138	5	11	925	1010	3	20
138	5	11	930	1015	3	20
138	5	11	935	1020	3	20
138	5	11	940	1025	3	20
138	5	11	945	1030	3	20
138	5	11	950	1035	3	20
138	5	11	955	1040	3	20
138	5	11	960	1045	3	20
138	5	11	965	1050	3	20
138	5	11	970	1055	3	20
138	5	11	975	1060	3	20
138	5	11	980	1065	3	20
138	5	11	985	1070	3	20
138	5	11	990	1075	3	20
138	5	11	995	1080	3	20
139	5	12	880	975	3	23
139	5	12	885	980	3	23
139	5	12	890	985	3	23
139	5	12	895	990	3	23
139	5	12	900	995	3	23
139	5	12	905	1000	3	23
139	5	12	910	1005	3	23
139	5	12	915	1010	3	23
139	5	12	920	1015	3	23
139	5	12	925	1020	3	23
139	5	12	930	1025	3	23
139	5	12	935	1030	3	23
139	5	12	940	1035	3	23
139	5	12	945	1040	3	23
139	5	12	950	1045	3	23
139	5	12	955	1050	3	23
139	5	12	960	1055	3	23
139	5	12	965	1060	3	23
139	5	12	970	1065	3	23
139	5	12	975	1070	3	23
139	5	12	980	1075	3	23
139	5	12	985	1080	3	23
139	5	12	990	1085	3	23
139	5	12	995	1090	3	23
139	5	12	1000	1095	3	23
140	8	17	900	965	3	19
140	8	17	905	970	3	19
140	8	17	910	975	3	19
140	8	17	915	980	3	19
140	8	17	920	985	3	19
140	8	17	925	990	3	19
140	8	17	930	995	3	19
140	8	17	935	1000	3	19
140	8	17	940	1005	3	19
140	8	17	945	1010	3	19
140	8	17	950	1015	3	19
140	8	17	955	1020	3	19
140	8	17	960	1025	3	19
140	8	17	965	1030	3	19
140	8	17	970	1035	3	19
140	8	17	975	1040	3	19
140	8	17	980	1045	3	19
140	8	17	985	1050	3	19
140	8	17	990	1055	3	19
140	8	17	995	1060	3	19
140	8	17	1000	1065	3	19
140	8	17	1005	1070	3	19
140	8	17	1010	1075	3	19
140	8	17	1015	1080	3	19
140	8	17	1020	1085	3	19
141	12	5	935	1030	3	21
141	12	5	940	1035	3	21
141	12	5	945	1040	3	21
141	12	5	950	1045	3	21
141	12	5	955	1050	3	21
141	12	5	960	1055	3	21
141	12	5	965	1060	3	21
141	12	5	970	1065	3	21
141	12	5	975	1070	3	21
141	12	5	980	1075	3	21
141	12	5	985	1080	3	21
141	12	5	990	1085	3	21
141	12	5	995	1090	3	21
141	12	5	1000	1095	3	21
141	12	5	1005	1100	3	21
141	12	5	1010	1105	3	21
141	12	5	1015	1110	3	21
141	12	5	1020	1115	3	21
141	12	5	1025	1120	3	21
141	12	5	1030	1125	3	21
141	12	5	1035	1130	3	21
141	12	5	1040	1135	3	21
141	12	5	1045	1140	3	21
141	12	5	1050	1145	3	21
141	12	5	1055	1150	3	21
142	8	14	970	1035	3	18
142	8	14	975	1040	3	18
142	8	14	980	1045	3	18
142	8	14	985	1050	3	18
142	8	14	990	1055	3	18
142	8	14	995	1060	3	18
142	8	14	1000	1065	3	18
142	8	14	1005	1070	3	18
142	8	14	1010	1075	3	18
142	8	14	1015	1080	3	18
142	8	14	1020	1085	3	18
142	8	14	1025	1090	3	18
142	8	14	1030	1095	3	18
142	8	14	1035	1100	3	18
142	8	14	1040	1105	3	18
142	8	14	1045	1110	3	18
142	8	14	1050	1115	3	18
142	8	14	1055	1120	3	18
142	8	14	1060	1125	3	18
142	8	14	1065	1130	3	18
142	8	14	1070	1135	3	18
142	8	14	1075	1140	3	18
142	8	14	1080	1145	3	18
142	8	14	1085	1150	3	18
142	8	14	1090	1155	3	18
143	17	8	1015	1075	3	19
143	17	8	1020	1080	3	19
143	17	8	1025	1085	3	19
143	17	8	1030	1090	3	19
143	17	8	1035	1095	3	19
143	17	8	1040	1100	3	19
143	17	8	1045	1105	3	19
143	17	8	1050	1110	3	19
143	17	8	1055	1115	3	19
143	17	8	1060	1120	3	19
143	17	8	1065	1125	3	19
143	17	8	1070	1130	3	19
143	17	8	1075	1135	3	19
143	17	8	1080	1140	3	19
143	17	8	1085	1145	3	19
143	17	8	1090	1150	3	19
143	17	8	1095	1155	3	19
143	17	8	1100	1160	3	19
143	17	8	1105	1165	3	19
143	17	8	1110	1170	3	19
143	17	8	1115	1175	3	19
143	17	8	1120	1180	3	19
143	17	8	1125	1185	3	19
143	17	8	1130	1190	3	19
143	17	8	1135	1195	3	19
144	11	14	1020	1100	3	20
144	11	14	1025	1105	3	20
144	11	14	1030	1110	3	20
144	11	14	1035	1115	3	20
144	11	14	1040	1120	3	20
144	11	14	1045	1125	3	20
144	11	14	1050	1130	3	20
144	11	14	1055	1135	3	20
144	11	14	1060	1140	3	20
144	11	14	1065	1145	3	20
144	11	14	1070	1150	3	20
144	11	14	1075	1155	3	20
144	11	14	1080	1160	3	20
144	11	14	1085	1165	3	20
144	11	14	1090	1170	3	20
144	11	14	1095	1175	3	20
144	11	14	1100	1180	3	20
144	11	14	1105	1185	3	20
144	11	14	1110	1190	3	20
144	11	14	1115	1195	3	20
144	11	14	1120	1200	3	20
144	11	14	1125	1205	3	20
144	11	14	1130	1210	3	20
144	11	14	1135	1215	3	20
144	11	14	1140	1220	3	20
145	12	14	1025	1110	3	23
145	12	14	1030	1115	3	23
145	12	14	1035	1120	3	23
145	12	14	1040	1125	3	23
145	12	14	1045	1130	3	23
145	12	14	1050	1135	3	23
145	12	14	1055	1140	3	23
145	12	14	1060	1145	3	23
145	12	14	1065	1150	3	23
145	12	14	1070	1155	3	23
145	12	14	1075	1160	3	23
145	12	14	1080	1165	3	23
145	12	14	1085	1170	3	23
145	12	14	1090	1175	3	23
145	12	14	1095	1180	3	23
145	12	14	1100	1185	3	23
145	12	14	1105	1190	3	23
145	12	14	1110	1195	3	23
145	12	14	1115	1200	3	23
145	12	14	1120	1205	3	23
145	12	14	1125	1210	3	23
145	12	14	1130	1215	3	23
145	12	14	1135	1220	3	23
145	12	14	1140	1225	3	23
145	12	14	1145	1230	3	23
146	14	17	1105	1185	3	18
146	14	17	1110	1190	3	18
146	14	17	1115	1195	3	18
146	14	17	1120	1200	3	18
146	14	17	1125	1205	3	18
146	14	17	1130	1210	3	18
146	14	17	1135	1215	3	18
146	14	17	1140	1220	3	18
146	14	17	1145	1225	3	18
146	14	17	1150	1230	3	18
146	14	17	1155	1235	3	18
146	14	17	1160	1240	3	18
146	14	17	1165	1245	3	18
146	14	17	1170	1250	3	18
146	14	17	1175	1255	3	18
146	14	17	1180	1260	3	18
146	14	17	1185	1265	3	18
146	14	17	1190	1270	3	18
146	14	17	1195	1275	3	18
146	14	17	1200	1280	3	18
146	14	17	1205	1285	3	18
146	14	17	1210	1290	3	18
146	14	17	1215	1295	3	18
146	14	17	1220	1300	3	18
146	14	17	1225	1305	3	18
147	5	12	1110	1205	3	21
147	5	12	1115	1210	3	21
147	5	12	1120	1215	3	21
147	5	12	1125	1220	3	21
147	5	12	1130	1225	3	21
147	5	12	1135	1230	3	21
147	5	12	1140	1235	3	21
147	5	12	1145	1240	3	21
147	5	12	1150	1245	3	21
147	5	12	1155	1250	3	21
147	5	12	1160	1255	3	21
147	5	12	1165	1260	3	21
147	5	12	1170	1265	3	21
147	5	12	1175	1270	3	21
147	5	12	1180	1275	3	21
147	5	12	1185	1280	3	21
147	5	12	1190	1285	3	21
147	5	12	1195	1290	3	21
147	5	12	1200	1295	3	21
147	5	12	1205	1300	3	21
147	5	12	1210	1305	3	21
147	5	12	1215	1310	3	21
147	5	12	1220	1315	3	21
147	5	12	1225	1320	3	21
147	5	12	1230	1325	3	21
148	14	11	1115	1190	3	22
148	14	11	1120	1195	3	22
148	14	11	1125	1200	3	22
148	14	11	1130	1205	3	22
148	14	11	1135	1210	3	22
148	14	11	1140	1215	3	22
148	14	11	1145	1220	3	22
148	14	11	1150	1225	3	22
148	14	11	1155	1230	3	22
148	14	11	1160	1235	3	22
148	14	11	1165	1240	3	22
148	14	11	1170	1245	3	22
148	14	11	1175	1250	3	22
148	14	11	1180	1255	3	22
148	14	11	1185	1260	3	22
148	14	11	1190	1265	3	22
148	14	11	1195	1270	3	22
148	14	11	1200	1275	3	22
148	14	11	1205	1280	3	22
148	14	11	1210	1285	3	22
148	14	11	1215	1290	3	22
148	14	11	1220	1295	3	22
148	14	11	1225	1300	3	22
148	14	11	1230	1305	3	22
148	14	11	1235	1310	3	22
149	8	13	1125	1200	3	19
149	8	13	1130	1205	3	19
149	8	13	1135	1210	3	19
149	8	13	1140	1215	3	19
149	8	13	1145	1220	3	19
149	8	13	1150	1225	3	19
149	8	13	1155	1230	3	19
149	8	13	1160	1235	3	19
149	8	13	1165	1240	3	19
149	8	13	1170	1245	3	19
149	8	13	1175	1250	3	19
149	8	13	1180	1255	3	19
149	8	13	1185	1260	3	19
149	8	13	1190	1265	3	19
149	8	13	1195	1270	3	19
149	8	13	1200	1275	3	19
149	8	13	1205	1280	3	19
149	8	13	1210	1285	3	19
149	8	13	1215	1290	3	19
149	8	13	1220	1295	3	19
149	8	13	1225	1300	3	19
149	8	13	1230	1305	3	19
149	8	13	1235	1310	3	19
149	8	13	1240	1315	3	19
149	8	13	1245	1320	3	19
150	14	11	1150	1225	3	20
150	14	11	1155	1230	3	20
150	14	11	1160	1235	3	20
150	14	11	1165	1240	3	20
150	14	11	1170	1245	3	20
150	14	11	1175	1250	3	20
150	14	11	1180	1255	3	20
150	14	11	1185	1260	3	20
150	14	11	1190	1265	3	20
150	14	11	1195	1270	3	20
150	14	11	1200	1275	3	20
150	14	11	1205	1280	3	20
150	14	11	1210	1285	3	20
150	14	11	1215	1290	3	20
150	14	11	1220	1295	3	20
150	14	11	1225	1300	3	20
150	14	11	1230	1305	3	20
150	14	11	1235	1310	3	20
150	14	11	1240	1315	3	20
150	14	11	1245	1320	3	20
150	14	11	1250	1325	3	20
150	14	11	1255	1330	3	20
150	14	11	1260	1335	3	20
150	14	11	1265	1340	3	20
150	14	11	1270	1345	3	20
151	14	11	1160	1235	3	23
151	14	11	1165	1240	3	23
151	14	11	1170	1245	3	23
151	14	11	1175	1250	3	23
151	14	11	1180	1255	3	23
151	14	11	1185	1260	3	23
151	14	11	1190	1265	3	23
151	14	11	1195	1270	3	23
151	14	11	1200	1275	3	23
151	14	11	1205	1280	3	23
151	14	11	1210	1285	3	23
151	14	11	1215	1290	3	23
151	14	11	1220	1295	3	23
151	14	11	1225	1300	3	23
151	14	11	1230	1305	3	23
151	14	11	1235	1310	3	23
151	14	11	1240	1315	3	23
151	14	11	1245	1320	3	23
151	14	11	1250	1325	3	23
151	14	11	1255	1330	3	23
151	14	11	1260	1335	3	23
151	14	11	1265	1340	3	23
151	14	11	1270	1345	3	23
151	14	11	1275	1350	3	23
151	14	11	1280	1355	3	23
