151111	3	50	[320, 330, 757, 777, 77B, 319, 321]
153565	3	50	[777, 757, 330, 320, 77B, 319, 321]
154711	3	50	[320, 330, 757, 777, 77B, 319, 321]
181296	4	50	[777, 77B, 757, 320, 330, 319, 321, 333]
181455	1	70	[77B, 777, 757, 320, 330, 319, 321, 333]
181866	0	80	[333, 77B, 777, 757, 320, 330, 319, 321]
181868	1	70	[77B, 777, 757, 320, 330, 319, 321]
181869	0	80	[319, 77B, 777, 757, 320, 330, 321]
181874	1	70	[77B, 777, 757, 320, 330, 319, 321, 333]
181875	4	50	[77B, 777, 757, 320, EM4, 330, 319, 321, 333]
181888	2	60	[77B, 777, 757, 320, 321, 319, 330, 333]
181892	1	70	[77B, 777, 757, 320, 319, 330, 733, 738, 321]
181895	2	60	[77B, 777, 757, 320, 330, 319, 321]
181896	3	50	[320, 319, 777, 77B, 757, 321]
181898	4	50	[77B, 777, 757, 320, 321, 330, 319, 333]
181899	1	70	[77B, 777, 757, 320, 319, 330, 321]
181900	2	60	[77B, 777, 757, 320, 330, 319, 321, 333]
181905	1	70	[77B, 777, 757, 320, 733, 738, 330, 319, 321, 333, 73G]
181906	3	50	[77B, 777, 757, 320, 330, 319, 321, 333]
181914	1	70	[77B, 777, 757, 320, 330, 319, 321, 333]
