0	0	0	0	0	0	0	0	0	0	0	0	0	1	0	0	0	0	1	0	0	0	0	0	
0	0	0	0	0	0	0	0	0	1	1	1	1	1	1	1	1	0	0	0	0	2	0	0
0	0	0	0	0	0	0	0	0	0	0	0	0	0	0	0	0	0	1	0	0	0	0	0	
0	0	0	0	0	0	0	0	0	0	0	0	1	1	1	0	0	1	0	0	0	1	0	0
0	0	0	0	0	0	0	1	1	0	0	2	0	1	1	0	2	0	1	1	1	0	0	0	
0	0	0	0	0	0	2	3	2	0	2	4	0	3	2	3	2	0	4	2	0	2	0	0	
0	0	0	0	0	0	0	0	0	1	0	0	0	0	0	0	0	1	0	0	1	0	0	0
0	0	0	0	0	0	0	0	0	1	0	0	0	0	0	0	0	0	0	0	0	0	0	0	
0	0	0	0	0	0	0	0	0	1	0	0	0	0	0	0	0	0	0	0	1	0	0	0	
0	0	0	0	0	0	0	0	1	0	0	0	0	0	0	0	0	0	1	0	0	0	0	0	
0	0	0	0	0	0	2	1	1	0	0	0	1	1	0	0	1	0	1	1	0	0	0	0	
0	0	0	0	0	0	0	0	0	2	0	0	0	2	0	0	1	0	0	1	0	1	0	0	
0	0	0	0	0	0	0	0	0	1	0	0	0	1	0	0	0	1	0	1	0	2	0	0	
0	0	0	0	0	0	0	0	3	1	1	0	2	3	1	0	2	1	1	1	1	1	0	0	
0	0	0	0	0	0	0	1	1	2	3	6	4	2	1	0	3	1	1	0	1	1	0	0
0	0	0	0	0	0	0	0	0	1	1	0	1	0	1	0	0	1	0	0	0	1	0	0	
0	0	0	0	0	0	5	6	4	4	8	10	3	1	8	9	6	3	6	8	1	2	0	0
0	0	0	0	0	0	0	0	1	0	0	0	0	1	0	0	0	1	0	0	0	0	0	0	
0	0	0	0	0	0	0	0	0	1	0	0	0	1	0	0	0	1	0	0	0	1	0	0
0	0	0	0	0	0	0	1	0	1	0	1	1	0	0	1	0	1	0	0	1	1	0	0	
0	0	0	0	0	0	0	1	0	1	0	0	0	1	0	0	1	0	0	1	0	0	0	0
0	0	0	0	0	0	0	2	2	1	3	3	3	3	2	1	2	1	2	1	2	2	0	0